0 0.437328 0.479777 0.0332403 0.0475426
0 0.516035 0.410914 0.0274221 0.0434036
0 0.471342 0.654357 0.0281931 0.0527365
0 0.766177 0.369114 0.0283328 0.0420981
0 0.673749 0.625988 0.0260265 0.0396888
0 0.508928 0.271757 0.0303134 0.0500476
0 0.552284 0.52604 0.0263785 0.0497308
0 0.66891 0.585786 0.0422486 0.0379397
0 0.534202 0.95344 0.0289761 0.0545313
0 0.592937 0.229407 0.0303715 0.041244
0 0.403849 0.464054 0.0329545 0.0388431
0 0.492583 0.227986 0.038865 0.0380447
0 0.137736 0.467206 0.0287854 0.0461189
0 0.764827 0.517663 0.0299609 0.033331
0 0.620599 0.792128 0.0253208 0.0448234
0 0.191817 0.377956 0.0297915 0.0509481
0 0.590525 0.459274 0.0344286 0.0370773
0 0.56533 0.655107 0.0299961 0.0515802
0 0.594195 0.640087 0.0228519 0.0464829
0 0.63962 0.489096 0.0187956 0.0584942
0 0.532012 0.725379 0.0148905 0.0536256
0 0.632077 0.149603 0.0273295 0.0364088
0 0.819542 0.344366 0.0321953 0.0347784
0 0.795557 0.313573 0.0350733 0.0355709
0 0.649547 0.203336 0.0332425 0.0303648
0 0.338271 0.544057 0.032517 0.0434229
0 0.294929 0.379933 0.038365 0.0389125
0 0.323488 0.490229 0.0180568 0.0631933
0 0.379963 0.456542 0.0233473 0.0462482
0 0.185359 0.733351 0.0308955 0.0401351
0 0.396717 0.642671 0.0208774 0.0552286
0 0.386312 0.701024 0.0313229 0.0328638
0 0.739201 0.90303 0.0365183 0.0361855
0 0.767672 0.406706 0.0274433 0.0315255
0 0.495635 0.836095 0.016098 0.050756
0 0.802633 0.462852 0.0219347 0.0439047
0 0.515824 0.840524 0.017401 0.0592787
0 0.14237 0.717699 0.0339537 0.0268558
0 0.4845 0.518858 0.036359 0.0290691
0 0.708181 0.185851 0.0311464 0.0264493
0 0.823673 0.436005 0.0134092 0.0491573
0 0.662356 0.365716 0.0362355 0.0366897
0 0.420376 0.573906 0.0240591 0.0567197
0 0.416717 0.677582 0.016346 0.0539534
0 0.340421 0.302575 0.0171572 0.0640811
0 0.754803 0.542967 0.029514 0.024897
0 0.954545 0.0934353 0.0171027 0.0552978
0 0.624072 0.440076 0.0327962 0.0331765
0 0.255744 0.181492 0.0340624 0.0482101
0 0.111803 0.702541 0.0172845 0.0484372
0 0.498356 0.334132 0.0371787 0.0347204
0 0.616215 0.402832 0.0287171 0.0399118
0 0.352928 0.489908 0.0371624 0.036945
0 0.635493 0.34004 0.018367 0.0580171
0 0.352655 0.783497 0.0186388 0.0521382
0 0.743307 0.451866 0.0277079 0.0504358
0 0.74279 0.305609 0.0216768 0.0477371
0 0.540241 0.676282 0.0298642 0.0309439
0 0.786199 0.423816 0.0265997 0.0448015
0 0.520225 0.514145 0.0182454 0.0594823
0 0.282034 0.435994 0.0139013 0.0561513
0 0.93444 0.501886 0.024395 0.0593947
0 0.0879315 0.484113 0.0267214 0.0497508
0 0.678935 0.191793 0.0142052 0.0466409
0 0.559106 0.712096 0.0282187 0.0332097
0 0.61296 0.338531 0.0197126 0.0567896
0 0.435147 0.639025 0.0314447 0.0462601
0 0.306825 0.456642 0.0258785 0.0608961
0 0.416201 0.975199 0.0215342 0.0496012
0 0.066262 0.683012 0.0209219 0.0340194
0 0.279858 0.214817 0.0158438 0.0526608
0 0.313074 0.239328 0.0355043 0.0315849
0 0.856338 0.825437 0.0378942 0.0475836
0 0.383974 0.946903 0.0150286 0.0582628
0 0.659187 0.441059 0.0159188 0.0549678
0 0.631825 0.66294 0.0147828 0.0531754
0 0.170324 0.579331 0.0395055 0.0425622
0 0.550572 0.809697 0.0272321 0.042459
0 0.0731001 0.847076 0.0325263 0.0379719
0 0.844659 0.502048 0.0354405 0.0257972
0 0.572415 0.280121 0.0134128 0.0516421
0 0.401159 0.410628 0.0282033 0.0447152
0 0.478406 0.84341 0.018343 0.051523
0 0.582323 0.811253 0.0342578 0.0302748
0 0.488059 0.42714 0.0173874 0.0558893
0 0.709467 0.569341 0.0312998 0.0270966
0 0.425483 0.117014 0.0208889 0.0571254
0 0.645086 0.771108 0.0292412 0.0334655
0 0.401854 0.930993 0.0150493 0.0535807
0 0.42488 0.25636 0.0330719 0.0444031
0 0.491664 0.898481 0.0207012 0.0437081
0 0.470738 0.814086 0.0191459 0.0505213
0 0.261883 0.407109 0.0302009 0.0312166
0 0.508815 0.722793 0.0266985 0.0316354
0 0.362768 0.903166 0.0334049 0.0331849
0 0.27915 0.0559501 0.0185441 0.0339913
0 0.786356 0.490208 0.0214131 0.0467037
0 0.0769853 0.903553 0.0238648 0.0481316
0 0.32209 0.89396 0.0344273 0.0369842
0 0.185317 0.414534 0.0279149 0.0498595
0 0.419502 0.337288 0.0367163 0.0280248
0 0.451235 0.804269 0.0160361 0.0502507
0 0.684874 0.452625 0.0248264 0.0524355
0 0.462196 0.395954 0.0350099 0.0368156
0 0.783314 0.972381 0.0183215 0.0508664
0 0.304749 0.296908 0.0310278 0.031068
0 0.246144 0.455081 0.030537 0.0335959
0 0.854412 0.556697 0.0170691 0.0494611
0 0.705846 0.541403 0.029179 0.030448
0 0.157056 0.755799 0.0288791 0.033361
0 0.406238 0.51907 0.017941 0.0655579
0 0.470667 0.480034 0.0313149 0.0375048
0 0.294632 0.815891 0.0288984 0.0304363
0 0.561761 0.597718 0.0219352 0.050817
0 0.202814 0.779953 0.0283985 0.0459501
0 0.174386 0.467024 0.0165573 0.0557568
0 0.442582 0.160144 0.0166335 0.067228
0 0.164485 0.966327 0.0186183 0.0665242
0 0.794332 0.369285 0.0161344 0.0575173
0 0.0111925 0.762068 0.0212178 0.026887
0 0.876316 0.536233 0.0255668 0.0437832
0 0.547397 0.419514 0.0282032 0.0274229
0 0.173168 0.880015 0.0160029 0.0555383
0 0.319693 0.339769 0.0172112 0.0528968
0 0.479565 0.976493 0.0210178 0.0470133
0 0.639336 0.295487 0.0361731 0.0248353
0 0.32704 0.733743 0.0157899 0.061436
0 0.569292 0.889384 0.0362098 0.0376771
0 0.594947 0.691869 0.0280864 0.0374253
0 0.520611 0.362703 0.0158241 0.0442063
0 0.364608 0.742467 0.0160019 0.0549418
0 0.31606 0.68623 0.0149372 0.0565131
0 0.564898 0.0481772 0.0145278 0.0404026
0 0.728262 0.522226 0.0149183 0.0520745
0 0.370104 0.154884 0.0186488 0.0618111
0 0.759393 0.604009 0.0150243 0.049329
0 0.469428 0.562331 0.016441 0.0440048
0 0.0724198 0.381465 0.0183588 0.060167
0 0.244902 0.261643 0.0316685 0.0564722
0 0.414629 0.74692 0.0161712 0.0494187
0 0.467233 0.923607 0.0267008 0.0421161
0 0.334561 0.387208 0.0157039 0.0468426
0 0.79372 0.53432 0.015489 0.0349569
0 0.682433 0.693025 0.0293809 0.023931
0 0.951544 0.803507 0.032125 0.109233
0 0.511554 0.773936 0.0221572 0.0499466
0 0.602376 0.846044 0.0283132 0.0330914
0 0.763464 0.746809 0.0151694 0.0468074
0 0.666025 0.663204 0.0296741 0.0311282
0 0.896187 0.45582 0.0368266 0.0437294
0 0.655042 0.240888 0.0180629 0.0522807
0 0.356666 0.943035 0.0296645 0.0447875
0 0.898099 0.559603 0.0156165 0.0563925
0 0.32761 0.817223 0.0154133 0.0527446
0 0.682139 0.857779 0.018579 0.0474765
0 0.288884 0.269159 0.0295233 0.026386
0 0.604461 0.554119 0.0285169 0.0384334
0 0.304691 0.539775 0.0284812 0.0462524
0 0.691044 0.368666 0.018982 0.0534749
0 0.823351 0.906317 0.0183056 0.0405889
0 0.470372 0.20489 0.0345689 0.0270649
0 0.703991 0.922278 0.0136702 0.0440703
0 0.775501 0.566919 0.0285436 0.0277451
0 0.538596 0.386924 0.022041 0.0289894
0 0.804937 0.265844 0.0218053 0.0443921
0 0.428579 0.414904 0.0203873 0.0634477
0 0.684251 0.29968 0.0303096 0.0325273
0 0.513238 0.144838 0.0214667 0.0429091
0 0.541304 0.860832 0.017794 0.0583017
0 0.257894 0.512992 0.0296414 0.0330316
0 0.738013 0.369235 0.0188602 0.0515661
0 0.444942 0.552161 0.0286867 0.028467
0 0.779501 0.613629 0.0168274 0.0468824
0 0.233063 0.750433 0.0191323 0.0542257
0 0.0177423 0.790006 0.0207737 0.030162
0 0.428125 0.931002 0.0123155 0.0543532
0 0.658013 0.318624 0.0236808 0.0479289
0 0.779077 0.892573 0.0325964 0.0343385
0 0.0537941 0.737029 0.0140017 0.0424416
0 0.156554 0.503838 0.0381606 0.0294593
0 0.525664 0.565937 0.0153994 0.0456036
0 0.341302 0.147247 0.0368588 0.0325462
0 0.0255787 0.575957 0.021608 0.0323049
0 0.22331 0.848954 0.0171002 0.0562093
0 0.542349 0.145565 0.0251031 0.0367196
0 0.504793 0.450773 0.0207339 0.0410158
0 0.433308 0.855285 0.0158168 0.0575775
0 0.229657 0.692739 0.0233482 0.0396028
0 0.672867 0.740307 0.017155 0.0452015
0 0.581822 0.56951 0.016502 0.0473165
0 0.858025 0.615809 0.0262605 0.0458692
0 0.0179836 0.825211 0.0192539 0.0241327
0 0.446461 0.885487 0.0195488 0.0511895
0 0.742341 0.9482 0.0191617 0.0518706
0 0.381562 0.758126 0.0205291 0.0496842
0 0.521972 0.454586 0.0159313 0.0416615
0 0.351607 0.625258 0.0207141 0.0466429
0 0.0639365 0.738012 0.0171569 0.0384412
0 0.759289 0.86692 0.0348841 0.0271105
0 0.0399688 0.681024 0.0251943 0.0292424
0 0.891371 0.935202 0.0192899 0.0562881
0 0.677897 0.541959 0.0306688 0.0311114
0 0.612387 0.480615 0.0315066 0.03496
0 0.356007 0.327522 0.0251537 0.0436592
0 0.3538 0.983147 0.0320687 0.0285213
0 0.857144 0.953475 0.0269493 0.0335227
0 0.297188 0.633836 0.0251018 0.0322676
0 0.35782 0.371076 0.0236734 0.0431334
0 0.748052 0.788651 0.0261176 0.031714
0 0.797044 0.644872 0.0239503 0.0537134
0 0.585137 0.1134 0.016378 0.0536819
0 0.38058 0.815471 0.0310557 0.0364611
0 0.114901 0.409564 0.0413024 0.0318545
0 0.864479 0.460719 0.0237196 0.054213
0 0.715277 0.795563 0.0113455 0.0412718
0 0.610189 0.714048 0.0194991 0.0453454
0 0.0971169 0.324762 0.031781 0.030829
0 0.816983 0.704127 0.0297421 0.0436894
0 0.201368 0.623011 0.0291971 0.0344557
0 0.40221 0.776442 0.0278932 0.027126
0 0.703931 0.88111 0.0219139 0.0349298
0 0.80724 0.82962 0.0347843 0.0334252
0 0.555438 0.745389 0.0315161 0.0275546
0 0.15117 0.843589 0.0283039 0.0231987
0 0.728211 0.479882 0.0204612 0.033874
0 0.69496 0.63748 0.0139743 0.0436356
0 0.109345 0.452256 0.0294416 0.0397984
0 0.581368 0.519177 0.0157177 0.0484829
0 0.122463 0.501033 0.027999 0.0298611
0 0.542666 0.268768 0.0243517 0.0478005
0 0.208339 0.451859 0.0270033 0.030246
0 0.100041 0.917593 0.0228411 0.0274477
0 0.282726 0.491373 0.0270068 0.0242156
0 0.904991 0.878424 0.0151719 0.0441917
0 0.821869 0.47419 0.0233314 0.0337737
0 0.126461 0.774715 0.0234746 0.0525495
0 0.0781752 0.523921 0.0323782 0.0342492
0 0.132911 0.949329 0.0174249 0.0431549
0 0.501494 0.104357 0.014684 0.0506384
0 0.64335 0.624145 0.0333072 0.0402324
0 0.720034 0.288861 0.0177821 0.0479751
0 0.112186 0.815912 0.0289617 0.0324874
0 0.656829 0.158231 0.0289379 0.0213928
0 0.38913 0.559537 0.020553 0.0525469
0 0.0399229 0.737724 0.0148238 0.0392309
0 0.549572 0.454735 0.0361683 0.0281105
0 0.0519269 0.543529 0.0259242 0.0340208
0 0.901272 0.382342 0.0216929 0.0437405
0 0.573089 0.435195 0.0186826 0.0416347
0 0.80894 0.78855 0.0310066 0.0381536
0 0.0546279 0.618359 0.0167633 0.0499191
0 0.396616 0.2184 0.0213648 0.0579818
0 0.740116 0.610289 0.0182386 0.0602373
0 0.543483 0.775057 0.0306782 0.0324571
0 0.917797 0.0187208 0.0122362 0.0374416
0 0.0300497 0.634602 0.0232527 0.032827
0 0.526236 0.0714798 0.0173371 0.0533619
0 0.371067 0.652131 0.0308016 0.035326
