0 0.121805 0.106056 0.037641 0.042931
0 0.196734 0.134472 0.031250 0.051764
0 0.256391 0.177403 0.031250 0.056819
0 0.279828 0.217806 0.017047 0.049236
0 0.312148 0.241167 0.033383 0.025250
0 0.288711 0.268944 0.031961 0.027778
0 0.192469 0.327014 0.026992 0.047986
0 0.191406 0.378153 0.029117 0.049236
0 0.187148 0.414139 0.031961 0.058083
0 0.112930 0.409097 0.041195 0.027778
0 0.138852 0.467167 0.027695 0.047986
0 0.085586 0.481694 0.031961 0.049236
0 0.126773 0.542931 0.033383 0.037875
0 0.292258 0.378153 0.031961 0.031569
0 0.340555 0.300500 0.016336 0.058083
0 0.323867 0.489264 0.015625 0.059347
0 0.352984 0.489903 0.042617 0.032833
0 0.404477 0.465278 0.031961 0.036611
0 0.170812 0.580181 0.040484 0.044194
0 0.337000 0.543556 0.033383 0.044194
0 0.405898 0.520833 0.016336 0.059347
0 0.387781 0.537875 0.019883 0.085861
0 0.419031 0.572597 0.026992 0.054292
0 0.437148 0.479167 0.029117 0.041667
0 0.470172 0.481694 0.029828 0.026514
0 0.429336 0.416667 0.020594 0.065653
0 0.263852 0.405306 0.029117 0.035347
0 0.420812 0.337750 0.036219 0.031569
0 0.468039 0.205806 0.034094 0.027778
0 0.494320 0.225375 0.032672 0.034097
0 0.504617 0.270833 0.039062 0.049236
0 0.481891 0.308083 0.031961 0.045458
0 0.495383 0.333958 0.034805 0.031569
0 0.463781 0.392681 0.035508 0.032833
0 0.388141 0.066292 0.016336 0.054292
0 0.425781 0.121208 0.019180 0.042931
0 0.439984 0.166042 0.017758 0.071972
0 0.462359 0.436236 0.028406 0.031569
0 0.184656 0.731056 0.031250 0.042931
0 0.205609 0.781569 0.033383 0.047986
0 0.488992 0.423611 0.016336 0.066917
0 0.512430 0.406569 0.033383 0.045458
0 0.327062 0.738639 0.017758 0.070708
0 0.313211 0.744319 0.021305 0.051764
0 0.368609 0.741167 0.021305 0.047986
0 0.380328 0.755681 0.023438 0.054292
0 0.359375 0.941917 0.031250 0.047986
0 0.351914 0.984222 0.036219 0.031569
0 0.385297 0.952653 0.016336 0.069444
0 0.479406 0.976014 0.024148 0.047972
0 0.534445 0.952653 0.030539 0.054292
0 0.172938 0.869319 0.017758 0.066917
0 0.163000 0.965903 0.019180 0.065653
0 0.396305 0.642681 0.022727 0.065653
0 0.299719 0.293556 0.045453 0.031569
0 0.485086 0.520833 0.034094 0.034097
0 0.444602 0.551764 0.031250 0.030306
0 0.744664 0.307208 0.024000 0.048986
0 0.792891 0.315681 0.027172 0.035528
0 0.719812 0.369944 0.016336 0.055556
0 0.692117 0.367431 0.014914 0.058083
0 0.660508 0.443819 0.015625 0.054292
0 0.686078 0.453278 0.021305 0.045458
0 0.562148 0.598486 0.023438 0.058083
0 0.588781 0.460222 0.038352 0.036611
0 0.469461 0.815653 0.015625 0.055556
0 0.495383 0.833958 0.014914 0.056819
0 0.515273 0.842167 0.016336 0.075764
0 0.477984 0.844694 0.015625 0.070708
0 0.707031 0.187500 0.031961 0.026514
0 0.660508 0.367431 0.038352 0.040403
0 0.819250 0.348486 0.033383 0.035347
0 0.593398 0.232958 0.034805 0.049236
0 0.677555 0.542292 0.029828 0.031569
0 0.673297 0.584597 0.031250 0.040403
0 0.385297 0.702653 0.030539 0.039139
0 0.538711 0.677403 0.026281 0.036611
0 0.565695 0.652778 0.027695 0.053028
0 0.591977 0.643306 0.022016 0.039139
0 0.631750 0.662250 0.014914 0.051764
0 0.341266 0.147722 0.034805 0.037875
0 0.769883 0.405931 0.029828 0.036611
0 0.784094 0.422986 0.029828 0.042931
0 0.823508 0.399625 0.037641 0.029042
0 0.624289 0.438764 0.032672 0.029042
0 0.639563 0.488639 0.019180 0.068181
0 0.433945 0.868056 0.018469 0.077014
0 0.536219 0.387000 0.026992 0.031569
0 0.756039 0.869319 0.033383 0.029042
0 0.639563 0.301139 0.034805 0.034097
0 0.754258 0.541042 0.026992 0.029042
0 0.231531 0.752528 0.024148 0.055556
0 0.380680 0.446333 0.022727 0.054292
0 0.469813 0.563764 0.014914 0.046722
0 0.471945 0.655306 0.026281 0.047986
0 0.435367 0.638889 0.028406 0.042931
0 0.531961 0.723486 0.017047 0.053028
0 0.557172 0.747472 0.030539 0.030306
0 0.558594 0.712125 0.030539 0.035347
0 0.586289 0.736736 0.024859 0.046722
0 0.617539 0.781569 0.027695 0.055556
0 0.646305 0.770208 0.031250 0.032833
0 0.671164 0.731694 0.021305 0.059347
0 0.543320 0.268306 0.025570 0.059347
0 0.803625 0.459597 0.024859 0.045458
0 0.772727 0.568181 0.029828 0.022722
0 0.582742 0.811875 0.031961 0.027778
0 0.513141 0.772097 0.020594 0.051764
0 0.610797 0.882569 0.036930 0.025250
0 0.491477 0.895833 0.024148 0.044194
0 0.465195 0.920458 0.026992 0.042931
0 0.712359 0.571333 0.036930 0.026514
0 0.581320 0.532833 0.014914 0.068181
0 0.708453 0.636361 0.030539 0.035347
0 0.504969 0.718431 0.032672 0.037875
0 0.351914 0.783458 0.019180 0.054292
0 0.316055 0.890778 0.034094 0.041667
0 0.572086 0.283458 0.013492 0.054292
0 0.584164 0.121847 0.017758 0.064389
0 0.370742 0.153403 0.018469 0.074500
0 0.616836 0.402778 0.029117 0.042931
0 0.521305 0.511361 0.021305 0.058083
0 0.552203 0.529667 0.026281 0.051764
0 0.476211 0.607958 0.019180 0.051764
0 0.549719 0.806181 0.026992 0.046722
0 0.610797 0.339653 0.021305 0.058083
0 0.635297 0.344694 0.019180 0.055556
0 0.193539 0.656569 0.033383 0.053028
0 0.272727 0.799875 0.018469 0.056819
0 0.683594 0.859722 0.016336 0.047722
0 0.765977 0.516792 0.029117 0.036611
0 0.328125 0.818556 0.012781 0.054292
0 0.348367 0.833708 0.026281 0.031569
0 0.253195 0.513000 0.029117 0.031569
0 0.304336 0.540778 0.027695 0.049236
0 0.539773 0.860861 0.021305 0.065653
0 0.571734 0.393681 0.036930 0.025250
0 0.654828 0.247847 0.018469 0.059347
0 0.889914 0.831819 0.029828 0.058083
0 0.887070 0.888000 0.018469 0.054292
0 0.896664 0.453667 0.039062 0.041667
0 0.825992 0.737125 0.017047 0.065653
0 0.412289 0.972722 0.024859 0.054542
0 0.174008 0.468181 0.018469 0.055556
0 0.240414 0.454292 0.036219 0.032833
0 0.549719 0.454931 0.036930 0.029042
0 0.547586 0.422722 0.031250 0.027778
0 0.721945 0.846972 0.034805 0.040403
0 0.742539 0.905681 0.040484 0.046722
0 0.715555 0.953028 0.016336 0.065653
0 0.633164 0.147722 0.029117 0.042931
0 0.766687 0.476639 0.014914 0.051764
0 0.844461 0.501889 0.035508 0.034097
0 0.401281 0.413514 0.026992 0.044194
0 0.353695 0.621847 0.025570 0.054292
0 0.414414 0.737375 0.017758 0.058083
0 0.416547 0.673611 0.016336 0.049236
0 0.136008 0.335861 0.039062 0.055556
0 0.119672 0.360486 0.037641 0.051764
0 0.402344 0.933708 0.016336 0.061875
0 0.710227 0.679931 0.035508 0.031569
0 0.672227 0.673611 0.040484 0.054292
0 0.743250 0.786611 0.027695 0.037875
0 0.827414 0.845958 0.012781 0.050500
0 0.764203 0.743681 0.014203 0.065653
0 0.765625 0.365528 0.026992 0.039139
0 0.574219 0.433708 0.013492 0.044194
0 0.589133 0.417931 0.027695 0.035347
0 0.576703 0.962125 0.024148 0.058083
0 0.221945 0.849111 0.022016 0.074500
0 0.306109 0.459597 0.021305 0.068181
0 0.258875 0.767042 0.019180 0.054292
0 0.599430 0.843431 0.028406 0.037875
0 0.858313 0.614264 0.022016 0.049236
0 0.073156 0.848486 0.032672 0.045458
0 0.569250 0.890153 0.036219 0.035347
0 0.595883 0.693181 0.031250 0.040403
0 0.525922 0.564389 0.019180 0.053028
0 0.742898 0.446333 0.025570 0.046722
0 0.542969 0.770208 0.033383 0.025250
0 0.608664 0.477278 0.029828 0.032833
0 0.613281 0.505056 0.033383 0.030306
0 0.296875 0.854167 0.039773 0.034097
0 0.354406 0.321972 0.024148 0.050500
0 0.431820 0.251264 0.035508 0.047986
0 0.398086 0.225375 0.023438 0.061875
0 0.502844 0.449500 0.024148 0.042931
0 0.521664 0.454542 0.016336 0.047986
0 0.314633 0.691292 0.017047 0.054292
0 0.295453 0.815653 0.035508 0.030306
0 0.455609 0.087750 0.013492 0.064389
0 0.493609 0.072597 0.014203 0.064389
0 0.523789 0.078278 0.019180 0.058083
0 0.541195 0.149625 0.028406 0.041667
0 0.502484 0.104792 0.019180 0.047986
0 0.513492 0.139514 0.028406 0.056819
0 0.612930 0.099750 0.022727 0.065653
0 0.457383 0.306819 0.028406 0.045458
0 0.333094 0.393306 0.028406 0.064389
0 0.321023 0.344069 0.015625 0.066917
0 0.705609 0.538514 0.027695 0.036611
0 0.853336 0.359847 0.034805 0.030306
0 0.089133 0.788514 0.022016 0.054292
0 0.064273 0.788514 0.023438 0.041667
0 0.742898 0.950764 0.019883 0.055556
0 0.300430 0.630056 0.032672 0.030306
0 0.363992 0.904042 0.034805 0.035347
0 0.857242 0.952014 0.028406 0.037875
0 0.823867 0.910986 0.019883 0.056819
0 0.148438 0.716542 0.039773 0.026514
0 0.455609 0.683708 0.026281 0.039139
0 0.410508 0.606694 0.041195 0.046722
0 0.127133 0.775250 0.028406 0.047986
0 0.042617 0.680556 0.025570 0.035347
0 0.645953 0.625625 0.034805 0.036611
0 0.444711 0.885778 0.015469 0.048403
0 0.237500 0.691583 0.017406 0.055875
0 0.678023 0.194931 0.015469 0.045986
0 0.704445 0.885167 0.019336 0.039736
0 0.632266 0.902931 0.021914 0.034736
0 0.737242 0.375153 0.018367 0.043361
0 0.718172 0.303181 0.021664 0.046750
0 0.243250 0.269569 0.030539 0.044194
