0 0.472589 0.65516 0.0290947 0.0538097
0 0.593732 0.22991 0.0314679 0.0441291
0 0.661504 0.3664 0.0338492 0.0387413
0 0.639227 0.489528 0.0198777 0.0620212
0 0.620609 0.788047 0.0281047 0.0523324
0 0.53436 0.954471 0.0271837 0.056806
0 0.51625 0.845504 0.0193703 0.0694471
0 0.540216 0.677833 0.0288645 0.0353423
0 0.403274 0.464963 0.0327875 0.0388733
0 0.42059 0.574789 0.0262743 0.0588921
0 0.323583 0.489491 0.0192617 0.0640522
0 0.685077 0.45152 0.0245586 0.0578713
0 0.304775 0.538708 0.0289206 0.0485372
0 0.508716 0.2719 0.0288261 0.045698
0 0.383913 0.94807 0.0157777 0.0601869
0 0.255246 0.177845 0.0319311 0.0477786
0 0.339345 0.54497 0.0309624 0.0450759
0 0.29404 0.378648 0.0362991 0.0379684
0 0.56147 0.598273 0.0249908 0.0509814
0 0.488413 0.427073 0.016986 0.0557058
0 0.495754 0.837358 0.0163788 0.0559617
0 0.496974 0.334158 0.0361524 0.035827
0 0.425365 0.116915 0.020013 0.0583006
0 0.437123 0.479002 0.0314986 0.0462159
0 0.191785 0.37713 0.0286546 0.0511104
0 0.492903 0.226498 0.0360718 0.0406885
0 0.634639 0.342129 0.0176381 0.060656
0 0.793618 0.313206 0.0335806 0.0339637
0 0.481373 0.977663 0.0215934 0.0444988
0 0.485633 0.518897 0.0357423 0.0340991
0 0.708389 0.185925 0.0334344 0.0269527
0 0.370332 0.155534 0.0193225 0.0615793
0 0.65976 0.443501 0.0175611 0.0585989
0 0.551016 0.809078 0.0271335 0.0465053
0 0.11418 0.408744 0.0392466 0.0334017
0 0.400123 0.410732 0.0293504 0.0452199
0 0.280155 0.213169 0.0166978 0.0598718
0 0.478159 0.843164 0.0174059 0.0615602
0 0.262894 0.407663 0.0319758 0.0349166
0 0.388532 0.558009 0.0190068 0.067098
0 0.553463 0.528826 0.0271859 0.0534305
0 0.819497 0.346564 0.0323979 0.0374523
0 0.572751 0.284268 0.0150915 0.0606763
0 0.61787 0.404472 0.0276092 0.0396477
0 0.380473 0.455581 0.0239371 0.0548364
0 0.368267 0.650143 0.0299405 0.0391579
0 0.669825 0.585138 0.0395231 0.0387514
0 0.564205 0.654032 0.0282552 0.0547577
0 0.514956 0.409504 0.0277914 0.0373884
0 0.674091 0.6251 0.0233724 0.0403108
0 0.427391 0.414945 0.0182795 0.0642058
0 0.541984 0.860671 0.0177587 0.0605402
0 0.285754 0.729745 0.0253683 0.0502808
0 0.709197 0.570106 0.0298787 0.0294789
0 0.333616 0.387482 0.0197598 0.0575596
0 0.490704 0.897898 0.0230694 0.0494731
0 0.442186 0.164677 0.0180494 0.0741274
0 0.537944 0.386803 0.0249848 0.028409
0 0.224093 0.848363 0.0208884 0.0593003
0 0.612025 0.339344 0.0199057 0.0575484
0 0.406329 0.517982 0.0188428 0.0641805
0 0.691199 0.366461 0.0186049 0.0569155
0 0.355706 0.32585 0.0269265 0.0534126
0 0.0879501 0.482726 0.0292778 0.0501367
0 0.532695 0.722956 0.0173427 0.056195
0 0.467451 0.922589 0.0262434 0.0479753
0 0.520247 0.513046 0.0199663 0.0617346
0 0.464454 0.393054 0.033824 0.0351779
0 0.559217 0.71332 0.0273954 0.0327911
0 0.137702 0.467637 0.0288481 0.0450897
0 0.340553 0.302676 0.0170581 0.0601261
0 0.593443 0.641217 0.0225138 0.0471929
0 0.435067 0.638208 0.0311591 0.0455959
0 0.357166 0.942939 0.0302304 0.0435394
0 0.85941 0.827649 0.032863 0.0424877
0 0.5807 0.812805 0.0307668 0.0286541
0 0.470085 0.815262 0.0182779 0.0491367
0 0.898493 0.560395 0.0158183 0.0567104
0 0.401781 0.930633 0.0146575 0.0583987
0 0.0723187 0.847064 0.0299704 0.0383947
0 0.343459 0.147914 0.0308002 0.0357698
0 0.743604 0.303234 0.0225738 0.0491881
0 0.30502 0.45663 0.0207376 0.055745
0 0.3137 0.239026 0.0339689 0.0335592
0 0.631828 0.665669 0.0161782 0.0536607
0 0.520953 0.364091 0.0166407 0.0435885
0 0.637296 0.296951 0.0387541 0.0247956
0 0.145135 0.716099 0.0290526 0.0266852
0 0.766452 0.405994 0.026562 0.033705
0 0.486314 0.518845 0.0354093 0.0358617
0 0.326134 0.734748 0.0165155 0.058063
0 0.563823 0.0470189 0.0156043 0.0426561
0 0.803345 0.462234 0.0238996 0.0432566
0 0.843636 0.504375 0.0344076 0.0262745
0 0.768323 0.478946 0.0129594 0.0559922
0 0.417434 0.678892 0.0174592 0.0526248
0 0.59531 0.692533 0.0277949 0.0393929
0 0.747769 0.789752 0.0268454 0.0336092
0 0.623442 0.438523 0.0315823 0.0313405
0 0.521773 0.4531 0.0186805 0.0503607
0 0.672057 0.738909 0.0194842 0.0476937
0 0.743123 0.450747 0.0271803 0.0520576
0 0.542578 0.270074 0.0275924 0.0490742
0 0.511897 0.775436 0.0235991 0.052194
0 0.173652 0.879759 0.0155272 0.0564674
0 0.76713 0.368385 0.0271575 0.0425828
0 0.367128 0.746829 0.0182874 0.0481099
0 0.246245 0.454142 0.0255903 0.03689
0 0.470734 0.480827 0.0312328 0.0319877
0 0.172049 0.579278 0.0354821 0.0443421
0 0.863697 0.460916 0.0233586 0.0585276
0 0.415377 0.97214 0.0233194 0.0543683
0 0.186045 0.414265 0.0283751 0.0543947
0 0.786045 0.421507 0.0276031 0.0396431
0 0.644238 0.77127 0.0304911 0.0307209
0 0.786838 0.492487 0.0209715 0.0441224
0 0.418678 0.336861 0.0349599 0.0295128
0 0.727157 0.523368 0.013611 0.0482369
0 0.783195 0.97391 0.0177828 0.0485347
0 0.395189 0.640085 0.0188859 0.0500183
0 0.233145 0.751826 0.0188833 0.0510192
0 0.886808 0.890123 0.0161014 0.0600604
0 0.507306 0.724284 0.0294706 0.0323269
0 0.678354 0.191169 0.0149878 0.045713
0 0.764732 0.748345 0.0146744 0.0467505
0 0.753949 0.542953 0.030293 0.023948
0 0.50422 0.453533 0.0218914 0.0471349
0 0.456297 0.309521 0.0241477 0.0531065
0 0.396816 0.216673 0.0201023 0.0571578
0 0.156203 0.756949 0.0256313 0.0345835
0 0.568233 0.888043 0.033223 0.0360509
0 0.683324 0.857501 0.0184703 0.0524573
0 0.163913 0.969613 0.0160258 0.0589979
0 0.414076 0.744789 0.0163729 0.0457294
0 0.384609 0.700549 0.031783 0.0368526
0 0.613494 0.484809 0.0298043 0.0473052
0 0.58944 0.46121 0.0321261 0.0410092
0 0.0717737 0.380913 0.0185499 0.0583852
0 0.584765 0.115826 0.01769 0.0598441
0 0.132445 0.103217 0.0299742 0.036488
0 0.470044 0.564679 0.0170037 0.0475816
0 0.779928 0.613405 0.0165791 0.0481679
0 0.876016 0.539014 0.0255593 0.045053
0 0.352128 0.785162 0.0184549 0.0514904
0 0.657327 0.322838 0.0230963 0.0432123
0 0.655884 0.2447 0.0193732 0.0516969
0 0.757282 0.610398 0.0179706 0.0588762
0 0.0402732 0.735579 0.0169203 0.0464021
0 0.064069 0.735455 0.0180444 0.0439323
0 0.79398 0.367542 0.0164961 0.05795
0 0.602545 0.844876 0.0258511 0.0285725
0 0.823964 0.907883 0.0192809 0.0475116
0 0.603895 0.553106 0.0258663 0.0436532
0 0.123602 0.362108 0.0211274 0.0535168
0 0.0665144 0.683373 0.0207591 0.0375223
0 0.0392601 0.68194 0.0267636 0.0324573
0 0.315198 0.688399 0.0163114 0.0568307
0 0.853585 0.557929 0.0169169 0.0465811
0 0.545999 0.419328 0.0261259 0.0274514
0 0.365024 0.213376 0.0270895 0.0361967
0 0.718901 0.29054 0.0175114 0.0494699
0 0.526812 0.565476 0.0177309 0.046646
0 0.0718015 0.795131 0.0169597 0.0385929
0 0.0122276 0.76255 0.0233324 0.0264159
0 0.46975 0.20489 0.0333904 0.0296198
0 0.290206 0.269983 0.0294653 0.0331393
0 0.677852 0.543936 0.0291454 0.0341172
0 0.859202 0.620439 0.0255907 0.0388928
0 0.630308 0.150883 0.026729 0.0397414
0 0.328106 0.814318 0.0146387 0.0487778
0 0.174317 0.468295 0.0217005 0.0569767
0 0.775386 0.564268 0.0283345 0.0330406
0 0.194851 0.656183 0.022495 0.0429821
0 0.425851 0.255381 0.0308859 0.0481909
0 0.0490278 0.903501 0.0244487 0.0413822
0 0.799204 0.645517 0.0241986 0.0482595
0 0.814836 0.788867 0.0204885 0.04027
0 0.581338 0.560347 0.019258 0.0643195
0 0.5019 0.102155 0.0161207 0.0583252
0 0.760248 0.869058 0.0331196 0.0321858
0 0.203011 0.779163 0.0257498 0.0459216
0 0.843883 0.761558 0.0211535 0.0535279
0 0.683078 0.692814 0.0289149 0.0290129
0 0.737019 0.598809 0.0181175 0.0587056
0 0.380529 0.758216 0.02283 0.0437428
0 0.735969 0.708909 0.0168468 0.0543224
0 0.4625 0.435942 0.0281065 0.0300151
0 0.319532 0.339018 0.0160034 0.0558725
0 0.794729 0.53218 0.0176439 0.0359668
0 0.824679 0.438676 0.0144262 0.0498021
0 0.739325 0.905283 0.0330962 0.0414745
0 0.7769 0.892531 0.0290795 0.0343653
0 0.076478 0.902905 0.0218389 0.0466274
0 0.121063 0.501167 0.0253136 0.0333243
0 0.559109 0.950013 0.019778 0.0530582
0 0.75797 0.608239 0.0171255 0.0560199
0 0.605704 0.882443 0.0283812 0.0310392
0 0.624419 0.827502 0.0260905 0.0317005
0 0.246358 0.883526 0.0146202 0.0651121
0 0.111717 0.816362 0.0288819 0.0335293
0 0.282058 0.489 0.0269341 0.0249918
0 0.204914 0.625406 0.0297154 0.0341175
0 0.494777 0.0579719 0.0155391 0.0484307
0 0.282507 0.439259 0.0162735 0.0538626
0 0.108828 0.450521 0.0229469 0.0418418
0 0.743207 0.753617 0.0253451 0.0345678
0 0.791362 0.71395 0.0231554 0.0553196
0 0.764467 0.516998 0.0296923 0.0356589
0 0.183852 0.791678 0.0209616 0.0395859
0 0.612482 0.339437 0.0196882 0.0583976
0 0.542651 0.0514801 0.01633 0.043699
0 0.66648 0.664294 0.0236176 0.0286448
0 0.555915 0.211737 0.0231603 0.0544668
0 0.0143052 0.792549 0.0228255 0.0288557
0 0.738371 0.368597 0.0198449 0.0532814
0 0.0180319 0.823334 0.0191091 0.0295336
0 0.443144 0.550518 0.0327521 0.0300098
0 0.352754 0.489949 0.0337695 0.0415011
0 0.579878 0.397062 0.0311778 0.0309567
0 0.113333 0.704415 0.0156426 0.0565683
0 0.186517 0.733821 0.0314166 0.0382658
0 0.647279 0.200907 0.0290699 0.032398
0 0.257452 0.511318 0.0272906 0.0329011
0 0.551783 0.456219 0.0318961 0.0283838
0 0.763049 0.516287 0.0273018 0.0296779
0 0.243456 0.261654 0.0291751 0.0545356
0 0.0568369 0.735263 0.0143343 0.0451341
0 0.293468 0.815287 0.0289174 0.0259327
0 0.0257961 0.579957 0.0228278 0.04088
0 0.266878 0.549717 0.031041 0.0298743
0 0.721323 0.749855 0.0169677 0.0465597
0 0.719949 0.367158 0.0204729 0.0508672
0 0.644827 0.625749 0.0337018 0.0341911
0 0.576604 0.959909 0.0231035 0.0594279
0 0.433481 0.860815 0.0155423 0.0532146
0 0.0809146 0.523489 0.0272693 0.0364699
0 0.443712 0.700293 0.026548 0.0383241
0 0.739157 0.614862 0.0162684 0.0571933
0 0.655243 0.105844 0.0271976 0.0256156
0 0.351816 0.784064 0.0184588 0.0534759
0 0.648137 0.0176185 0.0154834 0.0301191
0 0.546094 0.323586 0.0229907 0.0339369
0 0.515549 0.410585 0.0269412 0.0368429
0 0.254799 0.683845 0.0150456 0.050723
0 0.273336 0.799922 0.0181995 0.0478192
0 0.546094 0.320234 0.0236806 0.0303465
0 0.766486 0.831197 0.0282721 0.0316324
0 0.374214 0.391567 0.0253561 0.060229
0 0.301015 0.294772 0.0283476 0.035506
