0 0.186065 0.7323 0.0315464 0.0430467
0 0.766855 0.406181 0.0267737 0.0347115
0 0.473101 0.654465 0.0278053 0.0529126
0 0.497231 0.333619 0.0375438 0.0354915
0 0.534739 0.953974 0.0281381 0.0563304
0 0.404771 0.464968 0.030732 0.0358462
0 0.192227 0.375836 0.0303192 0.0481088
0 0.509993 0.272047 0.0318629 0.0478219
0 0.0886527 0.482657 0.0303322 0.0497225
0 0.421539 0.572866 0.0262357 0.0589653
0 0.416532 0.676839 0.0164908 0.056282
0 0.0735595 0.846161 0.031225 0.0382009
0 0.711088 0.569734 0.0337373 0.0325835
0 0.566075 0.653626 0.0273102 0.047882
0 0.593284 0.230549 0.0324653 0.0434917
0 0.81903 0.346621 0.0312841 0.0402522
0 0.468008 0.923644 0.0273214 0.0474364
0 0.53887 0.677456 0.02935 0.0330801
0 0.61528 0.403918 0.0278233 0.0402621
0 0.620669 0.789432 0.0272121 0.0500571
0 0.33848 0.544423 0.0322726 0.0450423
0 0.639051 0.490481 0.0201135 0.0645604
0 0.306474 0.457885 0.0259075 0.0608145
0 0.532763 0.724125 0.0179641 0.0567548
0 0.793957 0.314939 0.0354523 0.0349773
0 0.803845 0.461376 0.0222111 0.0470426
0 0.136759 0.469201 0.0291156 0.0453715
0 0.427994 0.41696 0.0194631 0.0633814
0 0.66215 0.364756 0.0356188 0.0379715
0 0.471836 0.480439 0.034625 0.0347184
0 0.399723 0.411439 0.0289962 0.0407925
0 0.295203 0.378882 0.0403444 0.0380714
0 0.51642 0.84064 0.0184429 0.0638004
0 0.352386 0.784626 0.0182425 0.0533292
0 0.59347 0.640697 0.0219404 0.0450028
0 0.673283 0.625567 0.0248596 0.038898
0 0.552189 0.529168 0.0270332 0.0530876
0 0.755016 0.542127 0.0325514 0.0254457
0 0.306221 0.542868 0.0273664 0.0538609
0 0.496554 0.837562 0.0191013 0.0559818
0 0.744221 0.450041 0.0260302 0.0479398
0 0.493063 0.227913 0.0380419 0.0385254
0 0.643798 0.772232 0.0312844 0.034937
0 0.507464 0.722527 0.0309924 0.0390973
0 0.589471 0.462127 0.0340106 0.0404914
0 0.342207 0.300689 0.021815 0.071344
0 0.416206 0.974796 0.0232633 0.0493805
0 0.519556 0.513071 0.0203101 0.0606533
0 0.562741 0.598193 0.0229086 0.0503045
0 0.47896 0.838977 0.0185287 0.0590507
0 0.794264 0.365975 0.0167149 0.0597537
0 0.406136 0.521896 0.0182054 0.0699778
0 0.488792 0.43004 0.0170084 0.052364
0 0.145715 0.716034 0.0307087 0.0296917
0 0.572865 0.286675 0.0156879 0.0675542
0 0.612061 0.338789 0.0208469 0.0585191
0 0.289397 0.269493 0.0303656 0.0305416
0 0.39659 0.643523 0.0206273 0.0560004
0 0.163704 0.971037 0.0173404 0.0572128
0 0.282197 0.430549 0.0157738 0.0598132
0 0.434423 0.637247 0.0304605 0.0447434
0 0.635757 0.343055 0.0189299 0.062461
0 0.68363 0.861655 0.0194653 0.0539562
0 0.379251 0.458819 0.0222612 0.0468305
0 0.470407 0.20203 0.0365619 0.0331811
0 0.27994 0.213996 0.0172923 0.0601681
0 0.709678 0.185904 0.034389 0.0275113
0 0.492494 0.900183 0.0189373 0.0435832
0 0.747969 0.7894 0.0247864 0.0331208
0 0.314859 0.239668 0.0331234 0.0333883
0 0.442533 0.164603 0.0184669 0.0793075
0 0.384664 0.946089 0.0158069 0.0608829
0 0.385874 0.701892 0.034017 0.0355478
0 0.516861 0.4091 0.0279101 0.0384649
0 0.327223 0.817886 0.0168342 0.05983
0 0.322769 0.894615 0.0290367 0.0391497
0 0.624585 0.441743 0.0327896 0.0317859
0 0.684486 0.45191 0.0255992 0.0558425
0 0.323923 0.491933 0.0182484 0.0612481
0 0.512071 0.773787 0.024445 0.0520818
0 0.425465 0.11707 0.0197698 0.0615489
0 0.255611 0.178427 0.031982 0.0509035
0 0.334595 0.384157 0.0178522 0.0518321
0 0.425769 0.254581 0.0293084 0.0466686
0 0.384141 0.81923 0.0320405 0.033724
0 0.630743 0.149516 0.0283503 0.0391385
0 0.370728 0.158209 0.0190606 0.0623748
0 0.479215 0.977073 0.0185024 0.0413256
0 0.734554 0.708231 0.0142495 0.0570953
0 0.631372 0.663118 0.0166427 0.0537842
0 0.782826 0.973553 0.0173499 0.0493104
0 0.354012 0.491046 0.035965 0.0395206
0 0.327346 0.733336 0.0164287 0.061747
0 0.538499 0.386759 0.0226563 0.0297535
0 0.743449 0.950849 0.0194158 0.0529683
0 0.712162 0.67953 0.034298 0.0314276
0 0.366859 0.747146 0.0180026 0.0461444
0 0.845404 0.504508 0.0332873 0.0292719
0 0.744012 0.30794 0.0214835 0.0443385
0 0.470003 0.815709 0.0187697 0.0531985
0 0.659913 0.439213 0.0171717 0.0519599
0 0.887085 0.886595 0.0152775 0.0519519
0 0.521236 0.455812 0.0189779 0.0490228
0 0.756915 0.869332 0.0299711 0.0279015
0 0.487352 0.519088 0.0365954 0.0365596
0 0.718339 0.371149 0.0200763 0.0576126
0 0.444866 0.885541 0.0192619 0.0540374
0 0.2332 0.752226 0.0178256 0.0507033
0 0.649228 0.695421 0.0160672 0.0586125
0 0.78031 0.613067 0.0154135 0.0491967
0 0.356234 0.323132 0.0268162 0.0538913
0 0.631673 0.900332 0.0299826 0.0350288
0 0.2864 0.859392 0.0335553 0.0379502
0 0.369875 0.650755 0.0314807 0.0383419
0 0.639922 0.294985 0.0348923 0.0234431
0 0.469797 0.567366 0.0164584 0.0517945
0 0.315786 0.68533 0.0166933 0.0559731
0 0.728112 0.5221 0.0156646 0.0484659
0 0.671942 0.58502 0.0368882 0.0382724
0 0.263219 0.407325 0.0284633 0.0321737
0 0.174395 0.878227 0.015816 0.0643399
0 0.758843 0.602277 0.0160573 0.0479184
0 0.579839 0.395316 0.0295307 0.0259114
0 0.558434 0.711514 0.0279958 0.0333462
0 0.935117 0.502091 0.0255144 0.0566729
0 0.319665 0.338662 0.0172826 0.0610359
0 0.876463 0.538435 0.0244424 0.0379458
0 0.672468 0.742197 0.0178244 0.0490001
0 0.82419 0.436929 0.0151014 0.046317
0 0.0117202 0.76122 0.0230737 0.0255505
0 0.526491 0.567148 0.017202 0.050169
0 0.0764218 0.90659 0.0212406 0.037255
0 0.702914 0.918512 0.0180081 0.0453466
0 0.265038 0.476291 0.023409 0.0310363
0 0.419357 0.336206 0.036888 0.0318067
0 0.248375 0.453433 0.0283947 0.0332724
0 0.247075 0.885857 0.0146326 0.0623249
0 0.171035 0.581147 0.0327391 0.0434619
0 0.550699 0.809016 0.0258583 0.0437845
0 0.293781 0.816361 0.0308779 0.02808
0 0.682416 0.693101 0.0270305 0.027071
0 0.542294 0.858198 0.0173074 0.0528469
0 0.133102 0.104233 0.0329871 0.0360595
0 0.666343 0.664664 0.0260256 0.0300399
0 0.124012 0.361872 0.0224497 0.0547052
0 0.656865 0.320405 0.0229908 0.0484269
0 0.377471 0.384356 0.0229919 0.0531566
0 0.787 0.4904 0.0210439 0.0456777
0 0.762158 0.515543 0.0277559 0.0302175
0 0.504781 0.455252 0.0212523 0.0454764
0 0.56456 0.0479249 0.0173235 0.041442
0 0.525914 0.0745752 0.0163976 0.0570269
0 0.859453 0.828518 0.033959 0.0432661
0 0.449842 0.80832 0.0195227 0.0546577
0 0.436243 0.480165 0.031252 0.0426372
0 0.858041 0.61449 0.025246 0.0452711
0 0.257909 0.510661 0.0291792 0.0296422
0 0.793686 0.533868 0.0152819 0.0335631
0 0.414481 0.749029 0.0182985 0.054201
0 0.738871 0.602009 0.0175398 0.0633244
0 0.399047 0.223248 0.0248777 0.0671952
0 0.202776 0.623928 0.0292717 0.0356705
0 0.843337 0.762019 0.0185028 0.0558962
0 0.545248 0.419246 0.0246016 0.0261917
0 0.854637 0.559015 0.0159945 0.0454388
0 0.113914 0.408585 0.0434158 0.0381453
0 0.895566 0.450288 0.0320998 0.0355453
0 0.69175 0.36516 0.0197853 0.0532173
0 0.580405 0.812029 0.034688 0.0289449
0 0.388212 0.561405 0.0230109 0.069112
0 0.264704 0.54551 0.0352255 0.0301781
0 0.382588 0.760547 0.0214964 0.0476831
0 0.685919 0.300859 0.0316004 0.036256
0 0.0387222 0.683808 0.0256624 0.0286039
0 0.372656 0.868242 0.0334109 0.0269171
0 0.436497 0.480149 0.0310287 0.0426135
0 0.402018 0.931385 0.0137093 0.0532758
0 0.357431 0.940528 0.0306627 0.044497
0 0.768934 0.480433 0.014409 0.0516129
0 0.78553 0.424888 0.0289337 0.0412524
0 0.0661685 0.686255 0.0203354 0.0363629
0 0.650754 0.697851 0.0193405 0.056587
0 0.605492 0.553861 0.0227839 0.0346074
0 0.186881 0.415501 0.0324153 0.049636
0 0.128275 0.543505 0.0328602 0.0370045
0 0.823211 0.911083 0.0211692 0.0495274
0 0.901971 0.388534 0.0248166 0.0432233
0 0.550987 0.455595 0.0300529 0.0290424
0 0.350106 0.830958 0.0256486 0.0322066
0 0.605224 0.600497 0.022119 0.0326859
0 0.279589 0.0591437 0.0209916 0.0438712
0 0.952794 0.0966555 0.0149156 0.0506743
0 0.594932 0.693737 0.0268247 0.0381869
0 0.720265 0.740639 0.0195959 0.0507616
0 0.715187 0.789907 0.0119102 0.0462482
0 0.34481 0.148769 0.027903 0.0399682
0 0.679365 0.192627 0.0152636 0.0425669
0 0.283413 0.489466 0.0280323 0.0312719
0 0.520682 0.364807 0.0160667 0.0434481
0 0.11207 0.705287 0.0177654 0.0552468
0 0.202352 0.778766 0.028857 0.0437781
0 0.390464 0.0729812 0.0205442 0.060066
0 0.766857 0.369073 0.0282865 0.0413063
0 0.0185023 0.823479 0.0184732 0.0301133
0 0.612799 0.481588 0.0320692 0.042967
0 0.433593 0.861437 0.0176152 0.0583479
0 0.644181 0.622576 0.0310756 0.0400665
0 0.20879 0.453683 0.0245797 0.0332044
0 0.582294 0.56427 0.0168792 0.0458101
0 0.602023 0.844741 0.0268425 0.0282986
0 0.286872 0.724514 0.0266229 0.045975
0 0.787003 0.49088 0.0217535 0.0422236
0 0.403047 0.774855 0.0317253 0.0286119
0 0.0546413 0.735213 0.0122429 0.0462742
0 0.774708 0.567714 0.0297322 0.0286165
0 0.715404 0.147645 0.0265126 0.0405
0 0.937071 0.174502 0.011047 0.0477772
0 0.856499 0.956197 0.023863 0.0368993
0 0.89812 0.561153 0.0161784 0.0492822
0 0.387862 0.56124 0.0230345 0.0713039
0 0.891648 0.832811 0.0282295 0.044713
0 0.824399 0.74855 0.0156916 0.0500203
0 0.73926 0.9056 0.030118 0.0366227
0 0.436253 0.515304 0.0285305 0.0442561
0 0.616498 0.0998942 0.0162728 0.0613834
0 0.78496 0.424108 0.0289303 0.0398531
