0 0.457273 0.308528 0.026883 0.039236
0 0.479445 0.205556 0.033313 0.039583
0 0.442117 0.196958 0.020938 0.049889
0 0.409164 0.214361 0.029305 0.028833
0 0.487156 0.165361 0.029008 0.030556
0 0.523711 0.190083 0.029398 0.032708
0 0.529219 0.283097 0.024180 0.043389
0 0.509977 0.322903 0.029789 0.028431
0 0.432805 0.107292 0.015859 0.051097
0 0.469867 0.110569 0.015711 0.057639
0 0.333609 0.088861 0.023164 0.049458
0 0.335953 0.206208 0.028820 0.034014
0 0.309625 0.375500 0.029156 0.022750
0 0.306531 0.420847 0.027609 0.031792
0 0.246695 0.522931 0.012766 0.051125
0 0.306680 0.498000 0.016195 0.052833
0 0.338352 0.489181 0.015711 0.041222
0 0.446875 0.472639 0.027273 0.026181
0 0.487109 0.491028 0.025727 0.021708
0 0.472500 0.525236 0.025914 0.031681
0 0.418445 0.669486 0.014891 0.051986
0 0.458672 0.706931 0.012188 0.055514
0 0.444750 0.669056 0.025336 0.032194
0 0.323508 0.582458 0.016008 0.054125
0 0.376570 0.516569 0.014703 0.043556
0 0.419820 0.425833 0.025383 0.043458
0 0.349031 0.431764 0.016781 0.046722
0 0.246844 0.390319 0.020789 0.039500
0 0.218484 0.621056 0.016781 0.047083
0 0.194961 0.631153 0.014703 0.040625
0 0.221430 0.674306 0.026641 0.040972
0 0.196891 0.675625 0.020500 0.034597
0 0.169813 0.646958 0.021953 0.034431
0 0.121875 0.262431 0.027547 0.035958
0 0.229672 0.137625 0.025695 0.052097
0 0.274703 0.244764 0.021375 0.056639
0 0.562625 0.265292 0.019523 0.043861
0 0.587953 0.251556 0.025695 0.049347
0 0.582234 0.319986 0.017359 0.047833
0 0.559102 0.317069 0.021125 0.038708
0 0.604414 0.335861 0.018469 0.056514
0 0.632578 0.371389 0.028969 0.023250
0 0.617969 0.279236 0.016555 0.051986
0 0.597336 0.381708 0.019766 0.039486
0 0.612164 0.422833 0.012352 0.045972
0 0.588938 0.423708 0.022734 0.030167
0 0.686195 0.445292 0.014023 0.045875
0 0.690000 0.389611 0.022234 0.055306
0 0.629242 0.439694 0.018344 0.045653
0 0.758687 0.445403 0.021250 0.043903
0 0.736664 0.449750 0.024773 0.040500
0 0.687586 0.533042 0.013469 0.039056
0 0.749359 0.566097 0.028539 0.028306
0 0.606078 0.591583 0.013156 0.044125
0 0.623156 0.648139 0.012109 0.040833
0 0.627977 0.484972 0.020258 0.020903
0 0.529633 0.567403 0.024211 0.044111
0 0.501961 0.540667 0.022734 0.046625
0 0.646852 0.671139 0.021438 0.039639
0 0.703586 0.555653 0.022234 0.040361
0 0.631070 0.549611 0.019023 0.034875
0 0.601570 0.519028 0.014391 0.045083
0 0.734320 0.594375 0.024398 0.020056
0 0.673937 0.719222 0.032125 0.039153
0 0.717305 0.617319 0.019523 0.019833
0 0.696789 0.658889 0.023477 0.031597
0 0.758938 0.704569 0.012852 0.048292
0 0.632859 0.858208 0.015195 0.058167
0 0.555211 0.813458 0.019523 0.043125
0 0.593016 0.758431 0.021000 0.045083
0 0.519477 0.809986 0.026625 0.030694
0 0.549523 0.897736 0.020508 0.041458
0 0.535102 0.946764 0.028727 0.028611
0 0.574109 0.957639 0.022734 0.039389
0 0.582758 0.928764 0.022734 0.040917
0 0.547367 0.845250 0.024586 0.027847
0 0.527719 0.868306 0.029281 0.022153
0 0.566977 0.616986 0.011922 0.043333
0 0.551008 0.617319 0.013594 0.041792
0 0.741703 0.754097 0.011492 0.039722
0 0.716031 0.932722 0.026375 0.040056
0 0.660195 0.748486 0.024398 0.022028
0 0.656516 0.392125 0.024953 0.031778
0 0.554961 0.534472 0.019023 0.048528
0 0.574203 0.528931 0.018469 0.051708
0 0.487570 0.414778 0.036219 0.034097
0 0.536664 0.367639 0.016797 0.051181
0 0.554172 0.368069 0.015352 0.055444
0 0.499953 0.443125 0.026867 0.028153
0 0.409031 0.333944 0.026391 0.028153
0 0.459648 0.617139 0.028789 0.043500
0 0.480766 0.254194 0.031664 0.040944
0 0.490359 0.289583 0.034547 0.040097
0 0.346898 0.298125 0.026867 0.053736
0 0.752570 0.395361 0.027352 0.040097
0 0.796234 0.644000 0.028305 0.034125
0 0.732422 0.826111 0.018711 0.058861
0 0.764086 0.801806 0.017750 0.056292
0 0.777039 0.829528 0.016797 0.057153
0 0.797195 0.789861 0.030227 0.039236
0 0.810148 0.839764 0.022555 0.038389
0 0.819266 0.887528 0.029266 0.057153
0 0.805828 0.906722 0.021594 0.047764
0 0.551773 0.646569 0.026867 0.032417
0 0.488281 0.616792 0.026281 0.051764
0 0.476914 0.359847 0.019180 0.063125
0 0.417375 0.286917 0.026219 0.044403
0 0.378906 0.352903 0.027695 0.046722
0 0.501773 0.707069 0.022016 0.060611
0 0.515625 0.663514 0.024148 0.046722
0 0.475852 0.695069 0.025570 0.046722
0 0.483312 0.738639 0.027695 0.030306
0 0.527344 0.745583 0.024859 0.044194
0 0.567469 0.736736 0.028406 0.054292
0 0.594461 0.494319 0.017047 0.056819
0 0.296875 0.695069 0.028406 0.041667
0 0.437148 0.726014 0.023438 0.063125
0 0.291547 0.319444 0.033383 0.045458
0 0.623227 0.785347 0.023438 0.065653
0 0.521664 0.897722 0.039062 0.040403
0 0.486148 0.856694 0.024859 0.059347
0 0.509234 0.845958 0.026992 0.040403
0 0.689273 0.833333 0.020594 0.055556
0 0.701703 0.707069 0.021305 0.050500
0 0.723367 0.678028 0.020594 0.063125
0 0.448867 0.530306 0.015625 0.045458
0 0.373227 0.936875 0.034805 0.050500
0 0.785508 0.369944 0.029828 0.045458
0 0.539414 0.481694 0.027695 0.056819
0 0.505328 0.227903 0.017758 0.064389
0 0.375000 0.174236 0.021305 0.068181
0 0.392047 0.704542 0.035508 0.065653
0 0.310727 0.764514 0.024859 0.054292
0 0.469813 0.976639 0.041906 0.046722
0 0.225500 0.268944 0.037641 0.035347
0 0.110086 0.422347 0.019883 0.061875
0 0.675070 0.578278 0.024859 0.073236
0 0.645594 0.330806 0.026992 0.042931
0 0.723719 0.366792 0.024148 0.069444
0 0.437148 0.818181 0.020594 0.055556
0 0.269531 0.618681 0.026281 0.058083
0 0.453477 0.566292 0.019180 0.031569
0 0.472305 0.565028 0.018469 0.034097
0 0.592328 0.686236 0.018469 0.056819
0 0.628555 0.719694 0.024148 0.060611
0 0.580969 0.804292 0.031250 0.035347
0 0.197797 0.536611 0.034805 0.053028
0 0.083094 0.797986 0.034094 0.042931
0 0.072445 0.544194 0.026992 0.058083
0 0.453477 0.917931 0.020594 0.065653
