0 0.484828 0.365750 0.023008 0.041958
0 0.517594 0.392403 0.018820 0.050972
0 0.483781 0.446292 0.027883 0.032417
0 0.449625 0.404167 0.016727 0.047264
0 0.467750 0.277181 0.037641 0.026125
0 0.415117 0.438236 0.031367 0.038611
0 0.385148 0.380611 0.017430 0.056819
0 0.364578 0.458042 0.029281 0.040667
0 0.469492 0.484694 0.035555 0.037403
0 0.449625 0.500806 0.029281 0.032458
0 0.562906 0.563972 0.028578 0.036889
0 0.601594 0.477889 0.026492 0.048542
0 0.576148 0.480347 0.023008 0.030750
0 0.569875 0.451236 0.013242 0.054306
0 0.593922 0.423986 0.022305 0.037361
0 0.594273 0.368847 0.017430 0.058069
0 0.563250 0.390542 0.027883 0.047250
0 0.552445 0.424597 0.016031 0.048125
0 0.536414 0.438847 0.014641 0.056792
0 0.538156 0.375042 0.019516 0.048153
0 0.536766 0.510708 0.022305 0.042375
0 0.531531 0.325500 0.031367 0.036069
0 0.457297 0.318056 0.032063 0.031111
0 0.499820 0.315583 0.019516 0.048444
0 0.498422 0.240014 0.034852 0.031056
0 0.487617 0.181778 0.023008 0.053319
0 0.465313 0.175583 0.021609 0.053319
0 0.392813 0.322403 0.018820 0.054653
0 0.619023 0.573278 0.025094 0.033736
0 0.583117 0.527431 0.020219 0.048056
0 0.692914 0.547875 0.030672 0.039917
0 0.785625 0.508861 0.040430 0.031222
0 0.789805 0.428944 0.032063 0.039847
0 0.780398 0.458056 0.031367 0.038625
0 0.744500 0.414083 0.036250 0.039833
0 0.747633 0.472306 0.021609 0.052264
0 0.726023 0.476014 0.020219 0.046847
0 0.703023 0.473528 0.025789 0.046861
0 0.706852 0.401694 0.025094 0.049736
0 0.663633 0.419042 0.016727 0.049750
0 0.307422 0.450625 0.020914 0.043569
0 0.300797 0.393639 0.027187 0.036111
0 0.346805 0.290806 0.032766 0.023653
0 0.352383 0.354611 0.032766 0.034847
0 0.352031 0.388056 0.029281 0.037347
0 0.325195 0.369486 0.020219 0.057153
0 0.277789 0.479736 0.025789 0.039875
0 0.160680 0.362042 0.020219 0.052194
0 0.143250 0.435139 0.035555 0.024986
0 0.163820 0.404792 0.033461 0.028681
0 0.125828 0.404167 0.028578 0.029917
0 0.205641 0.458056 0.023703 0.051014
0 0.254789 0.438847 0.021609 0.054306
0 0.278141 0.431431 0.026492 0.049750
0 0.262805 0.401056 0.022305 0.045653
0 0.309508 0.492125 0.022305 0.049792
0 0.320664 0.524958 0.018125 0.053528
0 0.521172 0.182625 0.021336 0.046569
0 0.429250 0.264319 0.014773 0.067250
0 0.433352 0.189931 0.018055 0.049708
0 0.397242 0.244625 0.031187 0.057028
0 0.351281 0.244611 0.029547 0.027569
0 0.298750 0.258472 0.032828 0.046528
0 0.239656 0.327042 0.032828 0.032278
0 0.519937 0.553861 0.028727 0.036792
0 0.490805 0.505708 0.026266 0.047847
0 0.568367 0.310264 0.023805 0.039569
0 0.583547 0.254819 0.021336 0.068417
0 0.559336 0.250444 0.027086 0.053819
0 0.531844 0.259194 0.014773 0.059653
0 0.543742 0.286931 0.018875 0.054139
0 0.511734 0.278167 0.013953 0.047972
0 0.639359 0.549472 0.014773 0.050736
0 0.691883 0.641375 0.021336 0.044847
0 0.726766 0.537083 0.033648 0.041153
0 0.854391 0.467056 0.024625 0.063903
0 0.342250 0.499889 0.019695 0.042597
0 0.579445 0.816431 0.024625 0.051528
0 0.549078 0.809111 0.024625 0.050583
0 0.553180 0.679306 0.018055 0.048528
0 0.493680 0.704819 0.028727 0.055014
0 0.385750 0.666181 0.027906 0.042694
0 0.375492 0.502083 0.028727 0.044056
0 0.535945 0.592514 0.037758 0.035347
0 0.664805 0.518125 0.026266 0.038222
0 0.662336 0.489681 0.037758 0.030917
0 0.595570 0.739875 0.022477 0.044194
0 0.668789 0.621958 0.019578 0.055083
0 0.605359 0.628417 0.017398 0.045417
0 0.586867 0.618750 0.019578 0.041542
0 0.641609 0.611014 0.018852 0.043500
0 0.650305 0.643236 0.017398 0.041556
0 0.623844 0.613597 0.019578 0.044125
0 0.493352 0.594903 0.022477 0.047375
0 0.505312 0.637444 0.018852 0.045417
0 0.446953 0.547875 0.016672 0.051264
0 0.599555 0.315319 0.023203 0.037500
0 0.622391 0.748250 0.021023 0.045486
0 0.167469 0.504722 0.034797 0.032458
0 0.173992 0.465417 0.023203 0.043583
0 0.189945 0.428694 0.020297 0.037167
0 0.218219 0.496333 0.017398 0.056444
0 0.723891 0.614236 0.028273 0.024167
0 0.237797 0.468653 0.015953 0.050472
0 0.081195 0.426125 0.030445 0.040139
0 0.779352 0.661917 0.020297 0.032556
0 0.797836 0.621319 0.015227 0.048639
0 0.721719 0.682514 0.016672 0.055056
0 0.744914 0.694125 0.022477 0.030000
0 0.706492 0.661903 0.013773 0.042181
0 0.633266 0.676097 0.021023 0.035139
