0 0.493711 0.350750 0.029000 0.038833
0 0.507484 0.311431 0.018852 0.044944
0 0.515094 0.248944 0.019578 0.059153
0 0.475945 0.255389 0.016672 0.054000
0 0.452023 0.274069 0.016672 0.052694
0 0.460000 0.343667 0.032625 0.053000
0 0.383516 0.321097 0.015953 0.056542
0 0.369016 0.260556 0.030445 0.033625
0 0.406352 0.222528 0.025375 0.068194
0 0.435352 0.210931 0.025375 0.057889
0 0.482477 0.183875 0.022477 0.055333
0 0.466164 0.196111 0.024648 0.041153
0 0.432086 0.161972 0.027547 0.042458
0 0.386055 0.149097 0.035523 0.024542
0 0.562219 0.382292 0.015227 0.052639
0 0.580711 0.377806 0.015953 0.046569
0 0.538297 0.294056 0.029727 0.036222
0 0.604992 0.293403 0.021023 0.047819
0 0.563305 0.335278 0.024648 0.025931
0 0.535398 0.337847 0.015227 0.043639
0 0.531406 0.376514 0.027547 0.038847
0 0.504227 0.426111 0.029727 0.029417
0 0.510023 0.391333 0.025375 0.024681
0 0.461813 0.439653 0.024648 0.028569
0 0.498422 0.481528 0.029727 0.027306
0 0.474859 0.474431 0.017398 0.051292
0 0.454922 0.482819 0.023922 0.042764
0 0.437523 0.496986 0.023922 0.024736
0 0.362125 0.411931 0.026820 0.037153
0 0.403086 0.355250 0.015953 0.053000
0 0.374812 0.372000 0.021750 0.045278
0 0.363578 0.502778 0.021023 0.046125
0 0.341828 0.478306 0.028273 0.026014
0 0.355242 0.449958 0.026102 0.036306
0 0.370828 0.544014 0.022477 0.046667
0 0.417953 0.627125 0.028273 0.024819
0 0.484289 0.526611 0.024648 0.026778
0 0.443328 0.543375 0.028273 0.032500
0 0.398375 0.527917 0.019578 0.045375
0 0.411062 0.553681 0.023203 0.053125
0 0.458188 0.607778 0.026102 0.042194
0 0.438250 0.607139 0.018125 0.030597
0 0.573461 0.507292 0.023203 0.037625
0 0.626016 0.448667 0.029727 0.028583
0 0.601008 0.478944 0.015953 0.040194
0 0.576719 0.430625 0.015227 0.051764
0 0.545547 0.466708 0.025375 0.033736
0 0.527422 0.516944 0.018125 0.048694
0 0.545547 0.537569 0.018125 0.054403
0 0.519445 0.579444 0.022477 0.042833
0 0.485734 0.577514 0.026102 0.038958
0 0.465438 0.565264 0.018852 0.034486
0 0.328414 0.411292 0.024648 0.035875
0 0.351977 0.335917 0.015227 0.055236
0 0.330953 0.335264 0.019578 0.048792
0 0.309563 0.343000 0.014500 0.051375
0 0.330594 0.283097 0.031898 0.029764
0 0.316453 0.381653 0.031172 0.033306
0 0.269695 0.358472 0.027547 0.031097
0 0.276578 0.397125 0.025375 0.038861
0 0.314641 0.453819 0.026102 0.044042
0 0.284195 0.423542 0.013047 0.040167
0 0.311016 0.515028 0.027547 0.032486
0 0.342187 0.525972 0.023203 0.041514
0 0.367563 0.210306 0.024648 0.033597
0 0.545188 0.234125 0.014500 0.060458
0 0.657195 0.390028 0.025375 0.042319
0 0.662266 0.441583 0.026820 0.040167
0 0.686914 0.485389 0.029727 0.032458
0 0.649945 0.495694 0.016672 0.055667
0 0.603906 0.567208 0.018852 0.046681
0 0.583609 0.540153 0.015953 0.054403
0 0.508938 0.685736 0.026102 0.043444
0 0.670242 0.337847 0.022477 0.051375
0 0.688008 0.424819 0.011602 0.052611
0 0.702508 0.405514 0.014500 0.060764
0 0.684016 0.574931 0.031172 0.028042
0 0.662992 0.638056 0.013773 0.051194
0 0.293250 0.282458 0.015227 0.051667
0 0.449125 0.707000 0.026820 0.037750
0 0.436437 0.664486 0.017398 0.042875
0 0.202633 0.468000 0.018125 0.059514
0 0.206617 0.383583 0.027547 0.039750
0 0.185234 0.346861 0.028273 0.038486
0 0.154781 0.386181 0.032625 0.032403
0 0.214234 0.295333 0.023922 0.048819
0 0.162398 0.442875 0.026102 0.050472
0 0.267156 0.499569 0.021023 0.042778
0 0.258453 0.435139 0.036977 0.027278
0 0.147531 0.338500 0.029727 0.027222
0 0.169648 0.297264 0.014500 0.060417
0 0.180883 0.511806 0.021023 0.046653
0 0.729328 0.397111 0.020297 0.043611
0 0.738750 0.345583 0.030445 0.035903
0 0.708305 0.590403 0.021750 0.038972
0 0.774273 0.581375 0.017398 0.041542
0 0.799648 0.585889 0.023203 0.053139
0 0.835172 0.515028 0.023203 0.042792
0 0.853664 0.467347 0.032625 0.040181
0 0.852211 0.423542 0.023922 0.037583
0 0.821766 0.414528 0.013773 0.045306
0 0.787328 0.502139 0.029000 0.027319
0 0.767031 0.540778 0.024648 0.031931
0 0.693805 0.652236 0.023203 0.043458
0 0.679305 0.525319 0.021750 0.034514
0 0.633633 0.594903 0.020297 0.032528
0 0.610797 0.619389 0.025375 0.035125
0 0.577445 0.625194 0.015227 0.049292
0 0.635445 0.622611 0.028273 0.031250
0 0.548813 0.717306 0.013047 0.060167
0 0.519086 0.901639 0.017398 0.049917
0 0.484648 0.758625 0.015227 0.053083
0 0.507125 0.788264 0.023922 0.063403
0 0.527422 0.748319 0.018125 0.055653
0 0.436078 0.748306 0.025375 0.044847
0 0.458914 0.775375 0.026102 0.045361
0 0.588680 0.333986 0.020297 0.051375
0 0.615867 0.331403 0.028273 0.033333
0 0.274555 0.204403 0.033484 0.028806
0 0.344828 0.145708 0.033398 0.056458
0 0.567187 0.711611 0.016328 0.052472
0 0.584469 0.714417 0.019641 0.058083
0 0.605898 0.696458 0.022555 0.071556
0 0.317125 0.234736 0.033563 0.055514
0 0.660148 0.292306 0.020391 0.053403
0 0.638539 0.295944 0.014680 0.043708
0 0.644656 0.561889 0.022016 0.044542
0 0.586344 0.236514 0.022836 0.043667
0 0.493789 0.627111 0.025281 0.042458
0 0.634234 0.795458 0.029828 0.030306
0 0.585938 0.754417 0.032672 0.031569
0 0.602625 0.790403 0.030539 0.035347
0 0.572086 0.792292 0.034805 0.034097
0 0.598008 0.828917 0.034094 0.034097
0 0.601914 0.872472 0.029117 0.045458
0 0.572445 0.847222 0.022727 0.050500
0 0.566758 0.944444 0.028406 0.060611
0 0.596234 0.944444 0.022016 0.060611
0 0.660508 0.787875 0.019883 0.068181
0 0.678977 0.829542 0.017047 0.068181
0 0.766687 0.888264 0.029117 0.061875
0 0.753195 0.944444 0.019180 0.058083
0 0.738992 0.915403 0.034805 0.055556
0 0.773438 0.949500 0.018469 0.042931
0 0.813922 0.726014 0.018469 0.070708
0 0.822797 0.652778 0.034805 0.047986
0 0.788000 0.671722 0.027695 0.050500
0 0.385297 0.607319 0.041906 0.047986
0 0.497867 0.919194 0.031250 0.032833
0 0.490055 0.859222 0.024148 0.046722
0 0.490055 0.818181 0.026992 0.053028
0 0.484023 0.895833 0.041906 0.031569
0 0.463781 0.929292 0.032672 0.050500
0 0.472305 0.976014 0.024148 0.047986
