0 0.394813 0.353569 0.021172 0.048972
0 0.460289 0.300611 0.015680 0.046153
0 0.421477 0.262278 0.021172 0.044458
0 0.395594 0.257417 0.022742 0.043333
0 0.391680 0.200958 0.027445 0.033347
0 0.365406 0.262986 0.023523 0.034986
0 0.340711 0.301306 0.022742 0.033278
0 0.358352 0.372375 0.012547 0.049958
0 0.384227 0.412097 0.029797 0.035069
0 0.419125 0.423250 0.027445 0.035069
0 0.501062 0.359847 0.028227 0.039222
0 0.473617 0.361931 0.020391 0.026681
0 0.451664 0.347986 0.018820 0.020708
0 0.460289 0.388417 0.026664 0.029486
0 0.478719 0.414194 0.030578 0.030889
0 0.546547 0.442069 0.018820 0.039264
0 0.539484 0.472028 0.020391 0.040681
0 0.520664 0.452514 0.015680 0.046236
0 0.505375 0.459486 0.014898 0.049028
0 0.483422 0.453208 0.021172 0.035986
0 0.466563 0.498500 0.031367 0.029542
0 0.434023 0.478292 0.013328 0.047111
0 0.382656 0.467847 0.028227 0.032319
0 0.336000 0.394681 0.024305 0.053181
0 0.332078 0.446250 0.029016 0.044847
0 0.403828 0.527764 0.020391 0.048486
0 0.420297 0.508944 0.017250 0.049889
0 0.383055 0.545181 0.022742 0.052653
0 0.348547 0.551458 0.024305 0.042889
0 0.332078 0.520111 0.030578 0.036528
0 0.321500 0.479000 0.023523 0.037889
0 0.468914 0.566792 0.023523 0.049097
0 0.495969 0.532653 0.019602 0.039319
0 0.511648 0.559125 0.022742 0.025403
0 0.532430 0.522903 0.015680 0.044889
0 0.508117 0.601639 0.017250 0.051903
0 0.544977 0.602333 0.018820 0.047722
0 0.526547 0.600250 0.014898 0.057472
0 0.472445 0.651806 0.027445 0.040778
0 0.483422 0.616958 0.022742 0.029611
0 0.293656 0.453917 0.021172 0.029514
0 0.237203 0.362625 0.027445 0.044403
0 0.243086 0.470639 0.029797 0.043458
0 0.248180 0.437875 0.025875 0.041569
0 0.286602 0.517319 0.032148 0.030944
0 0.597117 0.524986 0.032148 0.023986
0 0.603391 0.485264 0.025875 0.033722
0 0.574773 0.510347 0.025094 0.038736
0 0.575164 0.446944 0.018031 0.043444
0 0.572422 0.564708 0.017250 0.050486
0 0.606531 0.569583 0.018031 0.049097
0 0.575945 0.644833 0.021172 0.037986
0 0.570070 0.607208 0.026664 0.032403
0 0.611625 0.658778 0.029797 0.038000
0 0.641813 0.647625 0.016469 0.051931
0 0.642602 0.533333 0.022742 0.037333
0 0.640250 0.490847 0.018031 0.047653
0 0.626914 0.456000 0.016469 0.044847
0 0.586930 0.383528 0.018031 0.049958
0 0.564578 0.341028 0.020391 0.054542
0 0.535961 0.301306 0.019602 0.044764
0 0.512430 0.279708 0.027445 0.040569
0 0.490477 0.212819 0.024305 0.051681
0 0.440688 0.210736 0.021953 0.058639
0 0.460289 0.234417 0.021953 0.055875
0 0.504984 0.242778 0.037641 0.028000
0 0.563797 0.260194 0.028227 0.037764
0 0.586141 0.301319 0.019602 0.055903
0 0.617898 0.356361 0.026664 0.054542
0 0.639461 0.318736 0.014898 0.062889
0 0.663773 0.522194 0.022742 0.040708
0 0.674359 0.504083 0.023523 0.040694
0 0.691219 0.433694 0.032148 0.033208
0 0.697492 0.395375 0.030578 0.037847
0 0.757477 0.439278 0.025094 0.030903
0 0.702586 0.499194 0.020391 0.038736
0 0.707289 0.462972 0.018820 0.028125
0 0.726500 0.443458 0.022742 0.039264
0 0.662594 0.611389 0.018820 0.040764
0 0.695922 0.569583 0.016469 0.043528
0 0.245828 0.519403 0.030578 0.045694
0 0.523414 0.685931 0.019602 0.044208
