0 0.185266 0.350431 0.029016 0.053250
0 0.337055 0.486306 0.020086 0.055153
0 0.428570 0.117361 0.020086 0.055361
0 0.406250 0.124306 0.020086 0.061319
0 0.521766 0.180833 0.027898 0.055333
0 0.474328 0.198694 0.026789 0.035486
0 0.819758 0.304819 0.018977 0.053278
0 0.420203 0.686639 0.023438 0.059000
0 0.461492 0.323653 0.021203 0.059208
0 0.502234 0.362333 0.017859 0.061181
0 0.536828 0.301833 0.035711 0.035417
0 0.424664 0.220514 0.027898 0.063236
0 0.442523 0.197694 0.021203 0.065236
0 0.478797 0.356403 0.026789 0.061806
0 0.500000 0.220528 0.022320 0.075611
0 0.586492 0.263167 0.036828 0.029500
0 0.597656 0.290944 0.030133 0.049861
0 0.710383 0.399028 0.036828 0.039333
0 0.468195 0.934583 0.032367 0.031083
0 0.467078 0.975250 0.034602 0.033042
0 0.160711 0.528972 0.024555 0.069833
0 0.157922 0.476403 0.030133 0.047986
0 0.138391 0.456569 0.024555 0.059875
0 0.113836 0.431778 0.029016 0.053917
0 0.268977 0.357375 0.033484 0.047292
0 0.345422 0.303819 0.025672 0.055264
0 0.494977 0.563681 0.027898 0.044069
0 0.631141 0.623167 0.023438 0.059042
0 0.662391 0.621194 0.036828 0.040139
0 0.760047 0.439694 0.024555 0.057167
0 0.452008 0.507139 0.035711 0.033319
0 0.390625 0.302833 0.029016 0.049306
0 0.675227 0.424819 0.017859 0.055181
0 0.594867 0.390111 0.031250 0.041319
0 0.613836 0.433736 0.031250 0.053194
0 0.552453 0.350431 0.022320 0.057208
0 0.560266 0.811625 0.040180 0.032319
0 0.595422 0.854250 0.018977 0.092625
0 0.496648 0.864181 0.044641 0.042264
0 0.506695 0.807639 0.022320 0.062889
0 0.248328 0.523986 0.018977 0.063069
0 0.203680 0.675736 0.034602 0.041153
0 0.323664 0.342514 0.033484 0.057833
0 0.464289 0.405986 0.029016 0.049931
0 0.675781 0.339542 0.041297 0.047903
0 0.806922 0.366306 0.017859 0.053236
0 0.839844 0.328611 0.018977 0.065167
0 0.885602 0.519042 0.039062 0.038097
0 0.665734 0.486306 0.025672 0.055153
0 0.545758 0.513097 0.026789 0.046028
0 0.409039 0.431778 0.036828 0.042014
0 0.605469 0.638042 0.021203 0.045139
0 0.642297 0.771958 0.023438 0.056097
0 0.514508 0.666806 0.031250 0.047111
0 0.573664 0.603347 0.017859 0.048069
0 0.652898 0.384153 0.026789 0.041319
0 0.371094 0.128278 0.034602 0.037514
0 0.380578 0.168958 0.033484 0.047806
0 0.535711 0.244333 0.026789 0.059750
0 0.441961 0.569625 0.033484 0.048042
0 0.535711 0.591444 0.029016 0.044083
0 0.780133 0.343500 0.033484 0.039972
0 0.483820 0.453583 0.034602 0.053181
0 0.451453 0.463514 0.034602 0.053931
0 0.597102 0.776903 0.031250 0.046181
0 0.556922 0.662861 0.037945 0.040167
0 0.310828 0.391111 0.032367 0.040000
0 0.404578 0.502167 0.041297 0.074972
0 0.611609 0.472431 0.037945 0.040056
0 0.582586 0.321694 0.026789 0.055833
0 0.494977 0.297875 0.027898 0.055264
0 0.569758 0.220528 0.021203 0.063708
0 0.457031 0.676736 0.023438 0.056042
0 0.571984 0.878069 0.014508 0.066069
0 0.510625 0.412861 0.024398 0.039778
0 0.563633 0.557028 0.024172 0.047153
0 0.533266 0.549333 0.030367 0.038750
0 0.520563 0.508583 0.030984 0.043139
0 0.521180 0.459569 0.018594 0.048611
0 0.578812 0.481042 0.026031 0.025500
0 0.649148 0.531153 0.016734 0.048653
0 0.612586 0.536111 0.021688 0.049764
0 0.589352 0.525097 0.022312 0.029931
0 0.589969 0.556486 0.021070 0.035458
0 0.505687 0.602194 0.033461 0.025569
0 0.634281 0.550417 0.015492 0.047153
0 0.624055 0.691958 0.023547 0.053153
0 0.696867 0.489861 0.016734 0.054139
0 0.710195 0.452403 0.014875 0.047500
0 0.622195 0.369806 0.028508 0.045250
0 0.622812 0.332361 0.029750 0.038625
0 0.678281 0.707361 0.025406 0.048167
0 0.693148 0.688639 0.024172 0.045972
0 0.722586 0.564194 0.024789 0.044264
0 0.491742 0.487653 0.022930 0.045319
0 0.471297 0.625319 0.030367 0.027778
0 0.656586 0.432569 0.016734 0.045028
0 0.698109 0.570806 0.016734 0.048681
0 0.674563 0.525097 0.014250 0.045347
0 0.758844 0.580722 0.022930 0.050889
0 0.610727 0.596681 0.022930 0.038319
0 0.636758 0.457361 0.017969 0.048611
0 0.483070 0.663319 0.013016 0.048736
0 0.506000 0.636889 0.024172 0.039903
0 0.552164 0.631917 0.026031 0.038292
0 0.848078 0.649556 0.021688 0.049819
0 0.859547 0.546028 0.022312 0.038750
0 0.876586 0.558139 0.021688 0.036556
0 0.800672 0.527847 0.028508 0.048653
0 0.536359 0.358792 0.019211 0.056264
0 0.552164 0.280042 0.022312 0.039694
0 0.584703 0.674333 0.021688 0.044333
0 0.538531 0.705722 0.019828 0.041042
0 0.471297 0.568597 0.016734 0.043847
0 0.452703 0.245278 0.025406 0.047528
0 0.745828 0.770153 0.013016 0.046597
0 0.709570 0.781167 0.014875 0.043722
0 0.729406 0.760250 0.017352 0.039972
0 0.728781 0.715639 0.023547 0.030042
0 0.724758 0.680944 0.014250 0.039931
0 0.708023 0.663861 0.019211 0.042681
0 0.742727 0.644042 0.019211 0.040486
0 0.792305 0.663319 0.025406 0.034972
0 0.448984 0.606056 0.020453 0.044292
0 0.366250 0.552639 0.029750 0.036556
0 0.302734 0.522903 0.017969 0.047542
0 0.325969 0.549333 0.023547 0.043153
0 0.634586 0.224375 0.029750 0.027625
0 0.820813 0.899083 0.022930 0.048736
0 0.817711 0.682111 0.026648 0.026583
0 0.786727 0.433597 0.015492 0.044875
0 0.320086 0.158264 0.024172 0.047486
0 0.185367 0.731056 0.021305 0.055556
0 0.399500 0.913514 0.017758 0.066917
0 0.131039 0.528403 0.020594 0.049236
0 0.468398 0.804931 0.027695 0.061875
0 0.467328 0.875625 0.034094 0.054292
0 0.616477 0.750000 0.029828 0.042931
