0 0.385008 0.368903 0.025094 0.043403
0 0.406180 0.370306 0.023523 0.046181
0 0.427750 0.394681 0.013328 0.044389
0 0.442648 0.415597 0.014898 0.053181
0 0.461859 0.310361 0.015680 0.054194
0 0.433625 0.310361 0.025094 0.026319
0 0.445000 0.262972 0.016469 0.043069
0 0.390109 0.300611 0.022742 0.037778
0 0.351297 0.295736 0.029797 0.033597
0 0.344234 0.389806 0.026664 0.032264
0 0.321102 0.347306 0.029016 0.033625
0 0.400695 0.428139 0.018820 0.033681
0 0.377562 0.405125 0.014898 0.042986
0 0.533602 0.430917 0.024305 0.025319
0 0.532039 0.406528 0.025875 0.023917
0 0.474008 0.387722 0.030578 0.030861
0 0.486945 0.532653 0.029797 0.033736
0 0.400695 0.490139 0.025094 0.045722
0 0.439117 0.488056 0.021953 0.039292
0 0.381484 0.473417 0.025875 0.040153
0 0.363445 0.430222 0.025875 0.043431
0 0.634758 0.351472 0.024305 0.047194
0 0.655539 0.404431 0.026664 0.038806
0 0.673180 0.448333 0.021172 0.045750
0 0.638680 0.488736 0.014898 0.054083
0 0.622211 0.485264 0.014898 0.055486
0 0.573203 0.499208 0.018820 0.056014
0 0.552031 0.457403 0.028227 0.033694
0 0.530078 0.473431 0.025094 0.043458
0 0.603000 0.381444 0.028227 0.032250
0 0.582219 0.276208 0.024305 0.066750
0 0.519883 0.343819 0.025094 0.037806
0 0.497930 0.246958 0.031367 0.030778
0 0.490477 0.198194 0.032148 0.039111
0 0.394813 0.254625 0.025875 0.040542
0 0.470484 0.485972 0.023523 0.054611
0 0.449703 0.538222 0.030578 0.039319
0 0.423039 0.517319 0.021172 0.047667
0 0.637500 0.568889 0.028227 0.044903
0 0.739836 0.426042 0.025875 0.057375
0 0.709250 0.446236 0.029016 0.038778
0 0.704547 0.488750 0.025875 0.037361
0 0.660242 0.506181 0.026664 0.028153
0 0.658281 0.533347 0.024305 0.029556
0 0.693961 0.536833 0.025094 0.036528
0 0.656320 0.458097 0.021953 0.043444
0 0.517141 0.301319 0.025875 0.039181
0 0.515570 0.261583 0.030578 0.037500
0 0.644172 0.678986 0.024305 0.039403
0 0.675930 0.608611 0.023523 0.046333
0 0.665344 0.580028 0.021172 0.038694
0 0.606922 0.603028 0.014117 0.057472
0 0.547328 0.675486 0.020391 0.048403
0 0.318359 0.283903 0.020391 0.057278
0 0.498320 0.649028 0.025875 0.040778
0 0.540273 0.518722 0.025094 0.033736
0 0.555953 0.623236 0.026664 0.042153
