0 0.411406 0.213903 0.028352 0.049222
0 0.415820 0.284792 0.026086 0.065097
0 0.325656 0.395458 0.029750 0.056958
0 0.478523 0.355181 0.020594 0.052889
0 0.498437 0.559819 0.032953 0.032542
0 0.380117 0.358028 0.027008 0.052069
0 0.347164 0.301472 0.030664 0.046375
0 0.519945 0.356806 0.021055 0.067542
0 0.592039 0.543958 0.024258 0.059403
0 0.543750 0.566736 0.027461 0.054514
0 0.543289 0.521167 0.033867 0.028486
0 0.479445 0.502042 0.035242 0.030917
0 0.424516 0.382431 0.027008 0.043944
0 0.412156 0.335653 0.027922 0.033361
0 0.574875 0.454444 0.033867 0.034986
0 0.617664 0.486583 0.033414 0.040681
0 0.512164 0.594403 0.030211 0.033361
0 0.612633 0.615153 0.028836 0.030917
0 0.637117 0.666417 0.032039 0.029292
0 0.629797 0.531750 0.030211 0.044750
0 0.554961 0.355986 0.020594 0.057778
0 0.621102 0.586264 0.031125 0.038250
0 0.408953 0.488208 0.037070 0.032542
0 0.616297 0.441014 0.028836 0.043944
0 0.504391 0.437361 0.021055 0.061028
0 0.570984 0.524014 0.018766 0.056958
0 0.662945 0.505639 0.028383 0.032514
0 0.440062 0.207736 0.014594 0.054542
0 0.573477 0.575750 0.016680 0.043042
0 0.540586 0.685444 0.024945 0.031861
0 0.549031 0.621556 0.013391 0.047278
0 0.660531 0.763861 0.027617 0.029056
0 0.557633 0.734250 0.017523 0.056958
0 0.446523 0.959542 0.017992 0.060889
0 0.462766 0.926014 0.013961 0.049069
0 0.473297 0.883528 0.018828 0.055194
0 0.476102 0.841722 0.024945 0.045042
0 0.424477 0.947736 0.018984 0.056236
0 0.512680 0.887986 0.030648 0.028792
0 0.530250 0.841681 0.026047 0.040306
0 0.501938 0.835722 0.014906 0.050722
0 0.512109 0.793556 0.028453 0.036111
0 0.556063 0.804389 0.030070 0.030806
0 0.783328 0.417861 0.029602 0.035014
0 0.753359 0.394611 0.016734 0.051750
0 0.762117 0.446639 0.015953 0.048875
0 0.303406 0.321111 0.025375 0.046542
0 0.276945 0.322389 0.024648 0.048806
0 0.303766 0.361694 0.031898 0.032389
0 0.339289 0.486667 0.020297 0.050000
0 0.309930 0.500847 0.022477 0.060819
0 0.416500 0.549819 0.019578 0.042806
0 0.540836 0.431278 0.026102 0.042736
0 0.534312 0.487958 0.023203 0.044847
0 0.500961 0.639361 0.027547 0.033847
0 0.482109 0.605847 0.017398 0.043486
0 0.460359 0.638722 0.023203 0.037708
0 0.468336 0.531125 0.021750 0.038931
0 0.445859 0.541444 0.017398 0.049250
0 0.674953 0.572361 0.020297 0.049264
0 0.688008 0.533069 0.013047 0.047958
0 0.686914 0.446736 0.015227 0.047903
0 0.602820 0.379083 0.026820 0.028542
0 0.622391 0.341722 0.018125 0.049125
0 0.604633 0.330125 0.015953 0.054278
0 0.582156 0.344306 0.020297 0.036250
0 0.563672 0.282444 0.018125 0.046250
0 0.459273 0.321750 0.022477 0.042681
0 0.523438 0.189681 0.029000 0.036153
0 0.502047 0.227681 0.022477 0.039847
0 0.472320 0.203194 0.022477 0.052736
0 0.470875 0.158111 0.029727 0.040000
0 0.432812 0.156819 0.026102 0.042458
0 0.474133 0.254097 0.021750 0.051417
0 0.417953 0.429347 0.025375 0.041458
0 0.477758 0.694750 0.029000 0.046014
0 0.479211 0.759833 0.031898 0.040361
0 0.525250 0.753389 0.022477 0.053236
0 0.567656 0.762417 0.026102 0.042931
0 0.586508 0.698625 0.023203 0.038278
0 0.678578 0.727625 0.024648 0.035181
0 0.640516 0.741792 0.012328 0.048083
0 0.570555 0.613583 0.020297 0.038319
0 0.569836 0.656097 0.018852 0.051181
0 0.676766 0.382958 0.022477 0.041431
0 0.661906 0.337847 0.031898 0.028181
0 0.710477 0.451250 0.024648 0.041458
0 0.737664 0.455097 0.025375 0.043569
0 0.731141 0.496347 0.029727 0.038917
0 0.753250 0.558194 0.026102 0.041528
0 0.706852 0.576875 0.014500 0.047986
0 0.247219 0.524042 0.021750 0.053097
0 0.274406 0.246361 0.022477 0.056583
0 0.170008 0.449944 0.026820 0.038417
0 0.113461 0.433208 0.018125 0.059486
0 0.153336 0.388736 0.015227 0.052625
0 0.453836 0.571069 0.021750 0.036375
0 0.592305 0.417736 0.026102 0.044014
0 0.427375 0.598125 0.023922 0.035764
0 0.590133 0.745014 0.020297 0.044208
0 0.649945 0.611000 0.018125 0.048639
0 0.677492 0.634194 0.025375 0.035736
0 0.719906 0.696694 0.017398 0.040319
0 0.785516 0.371361 0.025375 0.044000
0 0.728969 0.364278 0.019578 0.055583
0 0.272227 0.395833 0.026820 0.046181
