0 0.474906 0.311819 0.017414 0.055042
0 0.507188 0.294347 0.031250 0.044903
0 0.498516 0.239208 0.015164 0.060917
0 0.471125 0.249667 0.023813 0.050250
0 0.414250 0.210708 0.015344 0.062569
0 0.401766 0.142097 0.032242 0.035861
0 0.384727 0.096042 0.024805 0.054222
0 0.309828 0.181514 0.037383 0.026722
0 0.438633 0.202264 0.018461 0.056944
0 0.457344 0.205694 0.019086 0.048028
0 0.482453 0.166903 0.029984 0.053889
0 0.534000 0.248486 0.034125 0.032111
0 0.571914 0.218194 0.027492 0.041458
0 0.400063 0.267903 0.027570 0.050653
0 0.432469 0.318986 0.023875 0.046847
0 0.407469 0.393903 0.020828 0.056847
0 0.437195 0.423931 0.028258 0.035722
0 0.504773 0.451764 0.018797 0.062042
0 0.503992 0.399653 0.026117 0.041264
0 0.542594 0.398625 0.015789 0.061764
0 0.557180 0.423528 0.024672 0.052944
0 0.458469 0.518500 0.035289 0.035417
0 0.440109 0.478528 0.020133 0.068236
0 0.409000 0.496417 0.032758 0.038611
0 0.400352 0.444250 0.028148 0.042528
0 0.331188 0.348583 0.040781 0.024847
0 0.343383 0.286069 0.023312 0.057667
0 0.331336 0.257833 0.022047 0.048556
0 0.271055 0.383417 0.034680 0.044458
0 0.267195 0.318764 0.037953 0.049611
0 0.304234 0.244319 0.031516 0.033000
0 0.394930 0.345625 0.015313 0.049111
0 0.330398 0.503778 0.030180 0.040153
0 0.362500 0.515514 0.035828 0.038375
0 0.337078 0.549944 0.030125 0.030583
0 0.369320 0.556403 0.029953 0.041319
0 0.305867 0.530292 0.023805 0.054139
0 0.297359 0.461750 0.027523 0.049347
0 0.256086 0.435639 0.029133 0.040486
0 0.260570 0.495597 0.035680 0.036819
0 0.284250 0.522556 0.017156 0.053847
0 0.426977 0.547194 0.023289 0.059750
0 0.444000 0.591972 0.015859 0.064750
0 0.418383 0.612083 0.030500 0.044250
0 0.468859 0.563250 0.020461 0.057181
0 0.469945 0.455292 0.023844 0.060292
0 0.490984 0.587806 0.018352 0.069431
0 0.510773 0.616583 0.016461 0.053264
0 0.469500 0.612750 0.030273 0.041236
0 0.466148 0.649903 0.024781 0.041806
0 0.431633 0.661917 0.035047 0.035500
0 0.473711 0.697792 0.024063 0.046514
0 0.506727 0.672806 0.040078 0.033431
0 0.427562 0.706403 0.023234 0.052917
0 0.446656 0.700444 0.024953 0.043167
0 0.377328 0.628958 0.035000 0.032458
0 0.394242 0.658722 0.032227 0.039931
0 0.472797 0.735389 0.038086 0.028472
0 0.468586 0.763708 0.032102 0.030917
0 0.514711 0.733014 0.021898 0.062764
0 0.528875 0.698278 0.024609 0.025819
0 0.539883 0.605944 0.025883 0.044986
0 0.569875 0.517944 0.034641 0.033792
0 0.539687 0.490597 0.021836 0.055000
0 0.518758 0.497500 0.022672 0.047111
0 0.497219 0.511792 0.024727 0.054000
0 0.586453 0.456458 0.033641 0.036583
0 0.591383 0.374319 0.021555 0.060958
0 0.605109 0.325833 0.018500 0.059417
0 0.623594 0.318347 0.022547 0.027097
0 0.653703 0.305292 0.026648 0.033500
0 0.614508 0.406056 0.026320 0.029028
0 0.590414 0.420931 0.025711 0.032764
0 0.602195 0.557958 0.030977 0.044417
0 0.569766 0.578750 0.027102 0.038292
0 0.592469 0.595500 0.012734 0.050111
0 0.606492 0.602944 0.021273 0.041139
0 0.617805 0.635264 0.034133 0.049403
0 0.639234 0.613139 0.024539 0.046361
0 0.643281 0.580861 0.025312 0.036028
0 0.648797 0.527500 0.025367 0.044236
0 0.683141 0.737625 0.022094 0.045958
0 0.672133 0.753139 0.020820 0.044472
0 0.661438 0.804486 0.018937 0.056069
0 0.649016 0.770292 0.016055 0.061417
0 0.629117 0.728111 0.022602 0.055125
0 0.626039 0.774375 0.017664 0.063083
0 0.548477 0.765667 0.030875 0.039139
0 0.548172 0.723486 0.031484 0.032861
0 0.545922 0.658833 0.019344 0.059694
0 0.406211 0.566111 0.029336 0.052056
0 0.576969 0.768986 0.017117 0.054458
0 0.598789 0.779278 0.027820 0.033861
0 0.505703 0.823028 0.022172 0.060639
0 0.492758 0.778792 0.029219 0.054556
0 0.458688 0.893292 0.033047 0.036375
0 0.474297 0.927639 0.036203 0.046500
0 0.423180 0.974958 0.036430 0.050069
0 0.551109 0.969222 0.030039 0.034264
0 0.577750 0.968292 0.021109 0.051903
0 0.552852 0.813972 0.017680 0.051194
0 0.615227 0.458597 0.020438 0.073389
0 0.632437 0.473333 0.017055 0.061653
0 0.656141 0.458014 0.031742 0.033181
0 0.682063 0.539306 0.030914 0.065667
0 0.677570 0.418056 0.022148 0.057931
0 0.639617 0.364292 0.020438 0.066931
0 0.708562 0.382083 0.040000 0.035292
0 0.723164 0.456681 0.036281 0.045694
0 0.776945 0.479542 0.034055 0.039389
0 0.739609 0.406958 0.028906 0.052528
0 0.692289 0.624847 0.028195 0.035069
0 0.675016 0.636375 0.021711 0.049458
0 0.665562 0.658194 0.028414 0.043236
0 0.700602 0.686625 0.020430 0.041542
0 0.715266 0.699042 0.026578 0.040361
0 0.723086 0.655639 0.027578 0.042444
0 0.723609 0.743486 0.017656 0.059847
0 0.705867 0.831486 0.030961 0.027681
0 0.360258 0.919333 0.020359 0.066764
0 0.386867 0.926278 0.024797 0.078486
0 0.193320 0.199042 0.030477 0.027000
0 0.208352 0.264472 0.033687 0.032097
0 0.229945 0.365875 0.041500 0.044069
0 0.233102 0.483875 0.030750 0.052389
0 0.627258 0.283806 0.027422 0.040417
0 0.681063 0.348847 0.036234 0.040389
0 0.564383 0.679069 0.021227 0.037264
0 0.580328 0.690000 0.022609 0.054792
0 0.642000 0.687542 0.017891 0.049875
0 0.568906 0.621042 0.026602 0.027486
0 0.539273 0.550139 0.027102 0.056986
0 0.803391 0.401125 0.040000 0.044236
0 0.848320 0.418611 0.038242 0.041444
0 0.885313 0.450569 0.024602 0.067597
0 0.800313 0.595792 0.023219 0.037014
0 0.818594 0.642778 0.038547 0.046000
0 0.802273 0.677208 0.020508 0.062931
0 0.778133 0.666000 0.025336 0.061750
0 0.769711 0.826681 0.047000 0.038500
0 0.758063 0.772347 0.031672 0.054944
0 0.754805 0.505097 0.022500 0.046819
0 0.830773 0.504500 0.030258 0.037431
0 0.876086 0.517458 0.037602 0.058986
0 0.524398 0.450431 0.015156 0.051208
0 0.574289 0.278000 0.047891 0.058708
0 0.198367 0.532847 0.039102 0.062236
0 0.532508 0.207944 0.032031 0.038972
0 0.745812 0.603569 0.024953 0.036250
0 0.683797 0.292264 0.022594 0.048764
0 0.712234 0.334389 0.025398 0.047181
0 0.481133 0.118000 0.038242 0.034958
0 0.723648 0.570972 0.028906 0.029431
0 0.716867 0.540625 0.033695 0.029306
0 0.371383 0.333931 0.025047 0.035333
0 0.443578 0.260819 0.027945 0.043681
0 0.754914 0.565000 0.018656 0.058778
