0 0.407750 0.220403 0.024766 0.058542
0 0.456828 0.313347 0.020180 0.055639
0 0.367852 0.279917 0.029352 0.027903
0 0.377484 0.151125 0.022930 0.057181
0 0.337578 0.293764 0.018344 0.042194
0 0.363719 0.331278 0.024766 0.045875
0 0.388945 0.405444 0.025688 0.043750
0 0.487102 0.411958 0.014680 0.053528
0 0.468297 0.405444 0.017430 0.056792
0 0.427937 0.257903 0.021102 0.045472
0 0.532508 0.314153 0.017430 0.050750
0 0.519211 0.282361 0.031187 0.029542
0 0.340328 0.353292 0.022016 0.050778
0 0.326109 0.385069 0.033937 0.039375
0 0.341250 0.429917 0.023852 0.041042
0 0.405461 0.441319 0.020180 0.044306
0 0.416469 0.336167 0.027523 0.032833
0 0.457750 0.443750 0.022016 0.038847
0 0.474258 0.488597 0.025688 0.041069
0 0.498109 0.500014 0.022016 0.037819
0 0.512328 0.407083 0.026602 0.034500
0 0.474719 0.603542 0.028437 0.032986
0 0.493523 0.571750 0.023852 0.044375
0 0.468297 0.557083 0.022930 0.047639
0 0.660937 0.446194 0.019266 0.056778
0 0.621953 0.420111 0.025688 0.043750
0 0.590758 0.423375 0.027523 0.033958
0 0.569664 0.442139 0.018344 0.055722
0 0.547648 0.429917 0.025688 0.044292
0 0.541680 0.460889 0.026602 0.041056
0 0.506828 0.446208 0.021102 0.044306
0 0.529297 0.527736 0.018344 0.050875
0 0.550859 0.515500 0.017430 0.055764
0 0.596727 0.557889 0.028437 0.039486
0 0.616445 0.587236 0.031187 0.039500
0 0.353172 0.504097 0.018344 0.052486
0 0.327031 0.500833 0.017430 0.045972
0 0.362805 0.455181 0.022930 0.049208
0 0.381609 0.446208 0.016516 0.047569
0 0.416008 0.504097 0.015594 0.049236
0 0.393531 0.557069 0.031187 0.030625
0 0.404539 0.526903 0.025688 0.051833
0 0.513703 0.619014 0.023852 0.040375
0 0.533430 0.596208 0.021102 0.047653
0 0.573328 0.586417 0.023852 0.037875
0 0.553609 0.592944 0.017430 0.047653
0 0.636625 0.495125 0.018344 0.050861
0 0.621492 0.504889 0.017430 0.046958
0 0.610023 0.470667 0.025688 0.047583
0 0.576086 0.540778 0.020180 0.041097
0 0.584797 0.506528 0.033937 0.031306
0 0.647180 0.667125 0.024766 0.033028
0 0.444445 0.166611 0.017430 0.058819
0 0.691211 0.354083 0.033937 0.029111
0 0.665984 0.374486 0.027523 0.047528
0 0.692586 0.418500 0.014680 0.057333
0 0.676070 0.582333 0.025688 0.042014
0 0.810922 0.453542 0.031187 0.035569
0 0.829727 0.429083 0.022930 0.055153
0 0.762297 0.460875 0.014680 0.056764
0 0.786148 0.474736 0.020180 0.042083
0 0.702219 0.648375 0.026602 0.034639
0 0.561406 0.632069 0.016516 0.041153
0 0.602227 0.621458 0.024766 0.035472
0 0.205023 0.420944 0.028437 0.045917
0 0.166953 0.478000 0.031187 0.029042
0 0.164203 0.425833 0.031187 0.045931
0 0.150898 0.400569 0.032109 0.044278
0 0.179797 0.373667 0.025688 0.062194
0 0.137141 0.345931 0.037609 0.035639
0 0.116961 0.442139 0.017430 0.058972
0 0.311891 0.246486 0.029352 0.029181
0 0.340328 0.170694 0.022016 0.073486
0 0.283453 0.268514 0.018344 0.060500
0 0.466922 0.694833 0.025688 0.041958
0 0.460500 0.650819 0.027523 0.036278
0 0.493523 0.652458 0.033023 0.049319
0 0.536180 0.675278 0.030273 0.033028
0 0.574250 0.699736 0.016516 0.055875
0 0.543977 0.879069 0.018344 0.059236
0 0.582047 0.855431 0.022930 0.054333
0 0.618742 0.839944 0.015594 0.042903
0 0.603602 0.865208 0.016516 0.060861
0 0.577461 0.943472 0.019266 0.060903
0 0.549477 0.949986 0.016516 0.051125
0 0.513703 0.852986 0.018344 0.055958
0 0.532508 0.831792 0.015594 0.065722
0 0.517836 0.780431 0.017430 0.051028
0 0.527008 0.728264 0.022930 0.051000
0 0.623328 0.703792 0.026602 0.037056
0 0.601312 0.716028 0.019266 0.042833
0 0.597180 0.680153 0.029352 0.045222
0 0.724234 0.374486 0.019266 0.050792
0 0.788445 0.376931 0.013758 0.052417
0 0.771016 0.362250 0.017430 0.058931
0 0.793492 0.566042 0.023852 0.023181
0 0.306391 0.553819 0.027523 0.031333
0 0.334828 0.553819 0.018344 0.050889
0 0.438484 0.567667 0.027523 0.039486
0 0.766430 0.690764 0.011922 0.044444
