0 0.487975 0.427814 0.0181116 0.0564735
0 0.566031 0.653526 0.0277594 0.0499911
0 0.472211 0.656484 0.0256625 0.0509045
0 0.404043 0.463907 0.0359872 0.0371601
0 0.794863 0.31489 0.0360964 0.0349292
0 0.620653 0.790497 0.0250918 0.0491588
0 0.783949 0.42363 0.0301264 0.0423959
0 0.515706 0.410975 0.0303099 0.0458685
0 0.858383 0.826734 0.0334458 0.0401499
0 0.420925 0.572569 0.025221 0.0602803
0 0.352036 0.784594 0.0198619 0.0573458
0 0.638542 0.488405 0.0207395 0.0626366
0 0.185841 0.733037 0.0315362 0.0435237
0 0.295695 0.378669 0.0397818 0.0397387
0 0.484926 0.520507 0.0388124 0.0336613
0 0.70792 0.570402 0.0295386 0.0299038
0 0.170491 0.577831 0.0372337 0.0408901
0 0.623542 0.43963 0.0344087 0.0305532
0 0.53431 0.954946 0.0290376 0.0564217
0 0.433712 0.639539 0.0295418 0.0485838
0 0.516633 0.842517 0.0185912 0.0637848
0 0.436585 0.480027 0.0322295 0.0452713
0 0.802746 0.463483 0.0251255 0.0416901
0 0.509945 0.27248 0.0315024 0.0499185
0 0.635706 0.341538 0.0197786 0.0618726
0 0.818847 0.346483 0.0327256 0.04159
0 0.593568 0.2316 0.0336139 0.0445956
0 0.305598 0.458029 0.0234471 0.0620176
0 0.562138 0.597227 0.0252302 0.0559235
0 0.428058 0.417323 0.019977 0.0620589
0 0.191828 0.376269 0.0305254 0.0514653
0 0.662178 0.364106 0.0352041 0.0404636
0 0.494693 0.22674 0.0372975 0.0390034
0 0.572887 0.282677 0.0156267 0.0587895
0 0.668718 0.586057 0.0408449 0.0393148
0 0.115039 0.410535 0.0401531 0.0362757
0 0.67387 0.626792 0.0240236 0.0381122
0 0.533292 0.723124 0.0190202 0.0599234
0 0.553091 0.807078 0.0256221 0.0498412
0 0.753753 0.541969 0.0328056 0.0296402
0 0.498084 0.334251 0.0382542 0.0376028
0 0.660584 0.440347 0.0183824 0.0564661
0 0.758449 0.609044 0.0162026 0.0497197
0 0.708596 0.185333 0.0366844 0.0262526
0 0.710927 0.679797 0.0339744 0.0341472
0 0.615859 0.403125 0.0266622 0.0399453
0 0.491958 0.89883 0.0206545 0.0440893
0 0.540096 0.677814 0.0294632 0.0332842
0 0.644575 0.770755 0.0303571 0.0329419
0 0.2796 0.215372 0.0168066 0.0608646
0 0.385361 0.702023 0.0342029 0.0367327
0 0.324179 0.489149 0.0180679 0.0653621
0 0.953154 0.0949354 0.0177785 0.0583981
0 0.557914 0.7133 0.0295875 0.0334636
0 0.767614 0.405584 0.0313735 0.030512
0 0.59265 0.64186 0.023144 0.0441518
0 0.471014 0.48146 0.0329962 0.0353776
0 0.144157 0.715724 0.0332365 0.0302784
0 0.47813 0.841098 0.0173896 0.0535799
0 0.468557 0.20364 0.0345845 0.0331081
0 0.417012 0.677572 0.0180544 0.0610724
0 0.691862 0.364405 0.0199737 0.058161
0 0.519176 0.515076 0.0220289 0.0649908
0 0.552546 0.527599 0.0275997 0.0560867
0 0.32789 0.735192 0.0176669 0.0631539
0 0.611944 0.33995 0.0206513 0.0610168
0 0.444168 0.551405 0.0345355 0.0269139
0 0.631411 0.659041 0.0170492 0.0563143
0 0.548096 0.454754 0.0345686 0.0306286
0 0.511926 0.773996 0.0227447 0.0544538
0 0.685964 0.451479 0.0254182 0.0551846
0 0.0887087 0.481283 0.0289635 0.0554565
0 0.496245 0.837406 0.0168278 0.0520267
0 0.0728072 0.848063 0.0332341 0.0406161
0 0.111268 0.712037 0.0199764 0.0665921
0 0.719154 0.368604 0.0202807 0.0560381
0 0.564096 0.0481859 0.0171329 0.0424506
0 0.686108 0.300985 0.0304092 0.0386032
0 0.67191 0.740322 0.0192113 0.0464821
0 0.39966 0.411578 0.0278622 0.0431308
0 0.137317 0.468056 0.0297983 0.0455037
0 0.396164 0.642339 0.0186522 0.0564219
0 0.773371 0.567408 0.0324163 0.0300544
0 0.758774 0.869607 0.0303798 0.0330362
0 0.786828 0.492551 0.0209901 0.0425629
0 0.0726927 0.383437 0.0200664 0.0664973
0 0.74456 0.451018 0.0290789 0.0564932
0 0.366396 0.746331 0.0183222 0.0490767
0 0.639367 0.295836 0.037701 0.0266642
0 0.537597 0.387038 0.0245744 0.0294842
0 0.427999 0.254049 0.029994 0.0515584
0 0.465818 0.920784 0.0270388 0.0489056
0 0.262276 0.405322 0.0291359 0.0394554
0 0.426044 0.118632 0.0200737 0.0638687
0 0.6121 0.50593 0.0294918 0.0317453
0 0.0392723 0.684973 0.0268165 0.0283425
0 0.35367 0.491363 0.037481 0.0400849
0 0.341047 0.30655 0.017746 0.0677899
0 0.368644 0.65173 0.0307222 0.0396231
0 0.257891 0.177258 0.0345345 0.0502283
0 0.823402 0.907779 0.0213103 0.0486778
0 0.683343 0.863613 0.0199952 0.058005
0 0.844224 0.504795 0.033919 0.0296819
0 0.70428 0.540936 0.028908 0.0303859
0 0.540819 0.860527 0.0185342 0.0618687
0 0.469464 0.567281 0.0171314 0.0540741
0 0.414089 0.746665 0.0174176 0.0472277
0 0.387743 0.558501 0.0209353 0.0674786
0 0.173983 0.880786 0.0184209 0.0563299
0 0.507722 0.724126 0.0291963 0.0336098
0 0.793188 0.365973 0.0179458 0.0582296
0 0.187931 0.419771 0.0313084 0.0515521
0 0.582381 0.810084 0.0347628 0.0358923
0 0.401947 0.928845 0.0153164 0.0486146
0 0.288672 0.270401 0.0300536 0.0280261
0 0.315604 0.681408 0.0157301 0.0572403
0 0.763322 0.516492 0.0300125 0.0323898
0 0.485589 0.306296 0.0287224 0.0451933
0 0.41975 0.334498 0.0401199 0.0281751
0 0.656523 0.240586 0.0194989 0.0517335
0 0.256105 0.512103 0.0286805 0.0374299
0 0.384523 0.944584 0.0155214 0.0546783
0 0.854202 0.559268 0.0153985 0.0483691
0 0.406224 0.519293 0.0178494 0.0659197
0 0.935012 0.498949 0.0211526 0.048541
0 0.583435 0.408571 0.0313844 0.0479426
0 0.765124 0.743822 0.015106 0.0455652
0 0.355185 0.942812 0.0295058 0.0467491
0 0.333285 0.386635 0.0220884 0.057431
0 0.232941 0.749963 0.020792 0.0528579
0 0.0267022 0.582523 0.0253824 0.0422992
0 0.84232 0.763824 0.0168375 0.0521286
0 0.110176 0.453008 0.0306068 0.0379825
0 0.3799 0.458572 0.0237237 0.0524364
0 0.0628264 0.734572 0.0178843 0.0461349
0 0.266735 0.540337 0.0326237 0.0346308
0 0.354863 0.322948 0.0271081 0.0564236
0 0.7441 0.308612 0.0206287 0.0464614
0 0.469769 0.813574 0.0176786 0.0480952
0 0.379408 0.760433 0.0226956 0.0482241
0 0.678622 0.191907 0.0172742 0.0454348
0 0.544295 0.419527 0.0233727 0.027064
0 0.449905 0.806386 0.0182047 0.0486083
0 0.413347 0.973702 0.0215974 0.0525967
0 0.4442 0.698392 0.0273482 0.0345797
0 0.746419 0.78897 0.0255857 0.0353194
0 0.738816 0.368481 0.0174627 0.0542873
0 0.67753 0.54213 0.0330899 0.0319629
0 0.631711 0.90369 0.027734 0.0403446
0 0.728194 0.521625 0.0154048 0.0491043
0 0.0557577 0.732638 0.0137369 0.0481984
0 0.521455 0.454945 0.0174983 0.0456564
0 0.520865 0.367464 0.0147243 0.0422172
0 0.580311 0.855761 0.0183592 0.042652
0 0.17492 0.468526 0.0238072 0.0614331
0 0.339218 0.544437 0.0324581 0.0440066
0 0.403094 0.774907 0.0280221 0.0297014
0 0.581625 0.811139 0.0340912 0.0334476
0 0.734483 0.709489 0.0140821 0.0492686
0 0.60501 0.601938 0.0230039 0.0329104
0 0.862583 0.462063 0.0208183 0.0590207
0 0.119402 0.500596 0.0251809 0.0324988
0 0.463501 0.438767 0.0302223 0.0356436
0 0.648685 0.199548 0.0276309 0.0362638
0 0.0121413 0.76282 0.0238107 0.0311004
0 0.339179 0.545245 0.0321623 0.0446395
0 0.894542 0.454736 0.0360118 0.0477237
0 0.737013 0.594413 0.0183127 0.0500807
0 0.825034 0.744111 0.0157745 0.0530726
0 0.521917 0.368515 0.0146251 0.0432796
0 0.222967 0.604645 0.0185227 0.0526849
0 0.887063 0.888175 0.0158339 0.0546256
0 0.352793 0.981574 0.0324495 0.0310193
0 0.824188 0.440443 0.0143169 0.0487511
0 0.559094 0.94883 0.0187938 0.0516718
0 0.859245 0.616912 0.0250322 0.0478676
0 0.79021 0.715961 0.0226505 0.0534059
0 0.581666 0.557722 0.0161548 0.0575729
0 0.456103 0.307903 0.024588 0.054498
0 0.64601 0.619885 0.0296539 0.0467531
0 0.28279 0.429143 0.0149346 0.0510732
0 0.60523 0.555301 0.0248888 0.0382441
0 0.433017 0.858318 0.0168812 0.0475728
0 0.782072 0.974208 0.0171788 0.0485447
0 0.897799 0.561494 0.0153713 0.0522509
0 0.352096 0.832472 0.0259689 0.031318
0 0.278393 0.0598629 0.0225175 0.0400186
0 0.544126 0.270127 0.0260392 0.0556384
0 0.595234 0.691952 0.0279424 0.0383684
0 0.715322 0.794388 0.0147769 0.0408734
0 0.0552552 0.619782 0.0178688 0.0539664
0 0.0128784 0.649375 0.0254497 0.0253782
0 0.737351 0.904151 0.0318185 0.0389342
0 0.612834 0.480787 0.0306008 0.0354181
0 0.4404 0.415328 0.0113443 0.053652
0 0.376307 0.382434 0.0230615 0.0509727
0 0.612192 0.479564 0.0314034 0.0311567
0 0.264627 0.479021 0.0308315 0.0298655
