0 0.32357 0.492374 0.0180543 0.0609545
0 0.510904 0.775291 0.025286 0.0527362
0 0.639159 0.488381 0.0178826 0.0607822
0 0.305614 0.538576 0.0264667 0.0482814
0 0.404124 0.465538 0.0310346 0.0324379
0 0.661739 0.365223 0.0351841 0.0393234
0 0.621078 0.792247 0.0290236 0.044224
0 0.33748 0.543804 0.0312586 0.0420065
0 0.488216 0.426863 0.016199 0.0569378
0 0.863778 0.464925 0.0237989 0.0609914
0 0.437096 0.478116 0.0306635 0.0460333
0 0.515524 0.84633 0.0173423 0.0729329
0 0.381075 0.454299 0.0248592 0.0516025
0 0.319798 0.342029 0.0184423 0.0535676
0 0.420702 0.572468 0.0271832 0.0573269
0 0.396426 0.642081 0.0193936 0.0558178
0 0.783293 0.974651 0.0178949 0.0505284
0 0.336034 0.390488 0.0193453 0.0645478
0 0.564508 0.654327 0.0291773 0.0541629
0 0.562509 0.600903 0.0239302 0.054914
0 0.417053 0.678296 0.0179657 0.0562585
0 0.5147 0.41145 0.0302719 0.0446811
0 0.384251 0.947871 0.0137567 0.0608836
0 0.4966 0.334387 0.0342791 0.0330001
0 0.441931 0.165722 0.0171489 0.0769704
0 0.143272 0.716781 0.0377945 0.0288666
0 0.553553 0.532547 0.0271761 0.0609623
0 0.306516 0.458805 0.0219087 0.0586753
0 0.819704 0.34387 0.0327067 0.0410152
0 0.189951 0.375935 0.0314479 0.0500308
0 0.551194 0.807888 0.0262629 0.0460819
0 0.520608 0.513468 0.0186989 0.0621918
0 0.795578 0.314011 0.0341008 0.0334816
0 0.428328 0.416582 0.0190569 0.06617
0 0.485808 0.518855 0.0341308 0.0323575
0 0.0878159 0.482702 0.0320805 0.05228
0 0.534931 0.953631 0.0298617 0.0574705
0 0.507278 0.271529 0.0330348 0.0488348
0 0.533188 0.726727 0.0155705 0.0557216
0 0.434665 0.640852 0.0313986 0.0487117
0 0.508098 0.724818 0.0277471 0.0327652
0 0.954466 0.0972981 0.0186852 0.0622385
0 0.572621 0.281354 0.0131884 0.0561161
0 0.672963 0.624326 0.0269302 0.0419213
0 0.0722717 0.849702 0.0341685 0.0455351
0 0.660868 0.441334 0.0142867 0.0539769
0 0.742831 0.304726 0.0208811 0.0520382
0 0.469977 0.565259 0.0141225 0.0462908
0 0.744599 0.95254 0.0174205 0.0660622
0 0.858848 0.614749 0.0264024 0.045773
0 0.262903 0.406158 0.0323303 0.0346391
0 0.173834 0.878564 0.0160916 0.0579039
0 0.0664741 0.684435 0.0211789 0.0386812
0 0.521963 0.455483 0.0156687 0.0439709
0 0.293876 0.37884 0.0376568 0.0316782
0 0.0387887 0.684327 0.0280289 0.0281734
0 0.137604 0.46761 0.0280894 0.0479205
0 0.93373 0.50068 0.0221972 0.0576499
0 0.793594 0.368755 0.0154986 0.0615265
0 0.635399 0.342761 0.0170491 0.0648732
0 0.469563 0.81483 0.0159565 0.0537457
0 0.201387 0.779831 0.0337128 0.0495261
0 0.590485 0.230358 0.0373367 0.0391253
0 0.495897 0.83951 0.0154003 0.0562082
0 0.114494 0.411334 0.041691 0.0303818
0 0.370487 0.159118 0.0164516 0.057731
0 0.280266 0.216709 0.0166226 0.0537057
0 0.489426 0.897994 0.0256183 0.0492773
0 0.327199 0.733615 0.0145212 0.0585235
0 0.845056 0.503521 0.0347744 0.0299605
0 0.367509 0.74662 0.0184922 0.0467984
0 0.645214 0.771272 0.030779 0.0330783
0 0.744533 0.450184 0.026874 0.0472604
0 0.480323 0.977807 0.0185653 0.0443854
0 0.707938 0.185716 0.0308145 0.0254375
0 0.593993 0.643885 0.0243446 0.0551505
0 0.759235 0.605237 0.0162267 0.0507261
0 0.122687 0.502092 0.0275112 0.0336403
0 0.764267 0.745556 0.0141683 0.0458589
0 0.763626 0.517489 0.0287308 0.0314123
0 0.1636 0.969651 0.0159912 0.0606988
0 0.111198 0.709555 0.0184831 0.0606128
0 0.0643388 0.737402 0.0152273 0.0404527
0 0.471877 0.480314 0.0362832 0.0316177
0 0.386512 0.701335 0.033446 0.0369264
0 0.539137 0.676717 0.0316788 0.0300951
0 0.802811 0.460975 0.0225011 0.0452209
0 0.728085 0.522409 0.0144611 0.0458169
0 0.0762388 0.903664 0.0248247 0.0571316
0 0.492813 0.226194 0.0365179 0.0352918
0 0.785016 0.422618 0.0285939 0.0391335
0 0.400232 0.41222 0.0295852 0.0418003
0 0.794183 0.534148 0.014248 0.0354555
0 0.312396 0.241722 0.0339754 0.0293115
0 0.463548 0.436676 0.0305376 0.0302041
0 0.542345 0.269659 0.0259566 0.0435212
0 0.470605 0.202218 0.031442 0.0256776
0 0.288678 0.269121 0.0309602 0.0259526
0 0.580694 0.556021 0.018693 0.0739586
0 0.855286 0.560138 0.0176433 0.0467321
0 0.175238 0.464771 0.0199832 0.062328
0 0.0724107 0.381945 0.0172714 0.059774
0 0.35752 0.942014 0.0328355 0.0437639
0 0.886798 0.886776 0.015028 0.0523608
0 0.737287 0.903305 0.0362345 0.03784
0 0.477788 0.840601 0.0169104 0.0432682
0 0.415089 0.744903 0.0177701 0.0520128
0 0.327746 0.815951 0.0149981 0.0585398
0 0.10868 0.453511 0.0308481 0.0428883
0 0.158039 0.755978 0.0268634 0.0326293
0 0.683307 0.692481 0.029892 0.0227268
0 0.415304 0.976013 0.0199221 0.0464801
0 0.767846 0.406118 0.0292816 0.0341848
0 0.631807 0.665368 0.0148759 0.0507181
0 0.616096 0.403918 0.0230906 0.0370592
0 0.952539 0.684053 0.0142225 0.0691468
0 0.73662 0.373686 0.0219896 0.0639671
0 0.14974 0.844471 0.0286614 0.0231405
0 0.526785 0.565626 0.0181578 0.0442131
0 0.709738 0.56971 0.0291928 0.0282107
0 0.402154 0.926361 0.0129008 0.0459457
0 0.895782 0.452503 0.0367215 0.0396422
0 0.857077 0.825223 0.0368596 0.0478704
0 0.825506 0.747312 0.0163133 0.0595328
0 0.673136 0.741225 0.0163967 0.0456053
0 0.466788 0.923563 0.0257943 0.0427546
0 0.450961 0.808174 0.0166147 0.0500075
0 0.316037 0.687704 0.0148795 0.0495711
0 0.897912 0.561398 0.0156801 0.0543901
0 0.657032 0.320507 0.0216689 0.0507052
0 0.734958 0.711343 0.0134723 0.0480331
0 0.35225 0.785491 0.0192342 0.0536846
0 0.127056 0.76949 0.0253321 0.0640473
0 0.12743 0.543265 0.0319657 0.0363812
0 0.171412 0.5794 0.0420553 0.0427432
0 0.340508 0.299088 0.0170104 0.064402
0 0.426834 0.120001 0.0189752 0.0526601
0 0.583025 0.812001 0.0332555 0.0279614
0 0.736377 0.5965 0.017454 0.0501777
0 0.72101 0.287537 0.0159705 0.0549728
0 0.369432 0.212911 0.03366 0.0289282
0 0.932463 0.715351 0.0120835 0.0577492
0 0.47106 0.654032 0.0274535 0.0510938
0 0.823197 0.908215 0.0194712 0.0411719
0 0.571118 0.889041 0.0340285 0.0312659
0 0.57341 0.433086 0.0175983 0.0425637
0 0.364039 0.902941 0.0326329 0.0341033
0 0.636403 0.296809 0.0350659 0.0210061
0 0.595823 0.691891 0.028986 0.0357413
0 0.193754 0.334745 0.0336353 0.0485445
0 0.683645 0.863014 0.0177684 0.0534878
0 0.255533 0.177105 0.0314974 0.0523619
0 0.824082 0.438749 0.0131204 0.0425852
0 0.0538618 0.946338 0.0137561 0.0378248
0 0.768557 0.479736 0.0151352 0.0505851
0 0.370295 0.655423 0.031405 0.0349666
0 0.254095 0.681937 0.0189788 0.0496035
0 0.185757 0.734496 0.0320005 0.0393232
0 0.0137125 0.794486 0.0267239 0.036819
0 0.84604 0.889355 0.0164486 0.0612855
0 0.828673 0.849727 0.0169971 0.0519239
0 0.60488 0.554182 0.0268655 0.0349845
0 0.355201 0.333536 0.0258541 0.0343212
0 0.726242 0.84878 0.0264512 0.0296727
0 0.795946 0.645161 0.0257687 0.0504949
0 0.688411 0.29979 0.024345 0.0320646
0 0.744062 0.753221 0.0240058 0.0276517
0 0.557743 0.746135 0.0270405 0.0297028
0 0.354599 0.491069 0.0371431 0.0355843
0 0.633706 0.90322 0.0290111 0.0320548
0 0.728574 0.480516 0.017632 0.0378797
0 0.559321 0.713216 0.0291055 0.0297473
0 0.678789 0.194237 0.0158061 0.0426249
0 0.875925 0.537148 0.0269665 0.038894
0 0.383617 0.820954 0.0301551 0.0315564
0 0.279245 0.0550257 0.020173 0.0364133
0 0.60875 0.347414 0.0150462 0.0440421
0 0.602207 0.844236 0.0248117 0.0332362
0 0.18615 0.413188 0.0312946 0.0490968
0 0.0256869 0.58117 0.0214653 0.0413572
0 0.445867 0.699875 0.0308604 0.0376779
0 0.389742 0.556892 0.0169574 0.0551253
0 0.258195 0.511563 0.0290484 0.0322525
0 0.905041 0.880634 0.0149429 0.0404313
0 0.576568 0.962682 0.0203651 0.0556486
0 0.202936 0.626308 0.0302374 0.0335821
0 0.285218 0.733539 0.0248668 0.0575721
0 0.505762 0.453555 0.020273 0.0419657
0 0.357144 0.372921 0.0229755 0.0394434
0 0.040456 0.738427 0.015716 0.0418932
0 0.858027 0.955366 0.0276196 0.0364362
0 0.341051 0.149039 0.0329008 0.0344086
0 0.546047 0.422629 0.0257412 0.0235025
0 0.648276 0.204228 0.0293269 0.0283168
0 0.715567 0.793072 0.0121047 0.0351918
0 0.813212 0.789275 0.0216732 0.0402437
0 0.513912 0.147457 0.0265928 0.0394561
0 0.777145 0.893018 0.034855 0.0334951
0 0.721667 0.751933 0.0183999 0.0403165
0 0.702396 0.599572 0.0183987 0.0330702
0 0.459011 0.310171 0.0275761 0.0529335
0 0.246337 0.455966 0.026959 0.0332233
0 0.555141 0.489509 0.0216171 0.034216
0 0.352441 0.982937 0.0279644 0.0303333
0 0.702663 0.885136 0.0190219 0.038785
0 0.697658 0.841357 0.0132787 0.0403226
0 0.012522 0.763079 0.0250439 0.0308034
0 0.442728 0.55165 0.0324998 0.0287368
0 0.607253 0.888441 0.0268541 0.0329013
0 0.0194837 0.959339 0.0334836 0.0319138
0 0.640661 0.296583 0.0345391 0.0230557
0 0.891162 0.830909 0.0292284 0.0438739
0 0.493571 0.0584243 0.0144845 0.040515
0 0.0158384 0.33923 0.030678 0.0268856
0 0.623648 0.439066 0.0332526 0.028712
0 0.564239 0.0494863 0.0156076 0.0424229
0 0.540434 0.864534 0.0203798 0.0678364
0 0.418589 0.336567 0.0327676 0.0247506
0 0.779823 0.614209 0.0175771 0.0483403
0 0.538477 0.387457 0.0242374 0.0258648
0 0.0167349 0.823913 0.021611 0.0301158
0 0.702953 0.923338 0.012308 0.0374661
0 0.890911 0.928088 0.0186072 0.0416489
0 0.24635 0.879445 0.0145646 0.0496648
0 0.281679 0.434649 0.0159911 0.050226
0 0.0272876 0.636098 0.0292829 0.0389695
0 0.464674 0.394167 0.0378181 0.0320532
0 0.787124 0.491313 0.0208602 0.0428314
0 0.584433 0.470757 0.0262264 0.0467656
0 0.582241 0.110296 0.023556 0.0464238
0 0.75431 0.543613 0.030645 0.029204
0 0.47358 0.607031 0.0150204 0.0478206
0 0.612131 0.484927 0.0308843 0.0466041
0 0.843899 0.760382 0.0199344 0.0563126
0 0.403685 0.776295 0.0231063 0.0268594
0 0.90094 0.386428 0.0255441 0.0493781
0 0.314025 0.744238 0.0184757 0.0437687
0 0.010741 0.723203 0.0214449 0.0310577
0 0.822447 0.395688 0.0325148 0.0236112
0 0.761769 0.69318 0.0155535 0.0352283
0 0.111631 0.97242 0.021568 0.0472509
0 0.691286 0.36469 0.0171936 0.0518306
