0 0.472243 0.655058 0.028584 0.0513287
0 0.562545 0.597029 0.0245568 0.0523333
0 0.193428 0.379862 0.0264327 0.0539135
0 0.621139 0.790132 0.0261818 0.0453252
0 0.639513 0.48739 0.0196443 0.0614621
0 0.509056 0.271077 0.0291396 0.0484301
0 0.794568 0.313678 0.0335989 0.0358395
0 0.384418 0.699964 0.0333144 0.0384661
0 0.589727 0.463332 0.0331797 0.0465479
0 0.437666 0.481268 0.0306027 0.0459089
0 0.659794 0.439973 0.0152846 0.054296
0 0.186392 0.414146 0.0298493 0.0484764
0 0.564696 0.654098 0.0280706 0.0534164
0 0.195202 0.332346 0.0289353 0.0543064
0 0.338504 0.544799 0.0321314 0.0441775
0 0.323776 0.488954 0.0177805 0.0632621
0 0.294588 0.380599 0.0395899 0.0389241
0 0.784922 0.424039 0.0267739 0.0424856
0 0.088517 0.482957 0.0281517 0.0517647
0 0.304239 0.539288 0.0272767 0.0464704
0 0.420551 0.573799 0.0262514 0.0624205
0 0.312553 0.239194 0.0354173 0.0337449
0 0.13736 0.467155 0.0296968 0.0460108
0 0.383812 0.948342 0.0152553 0.0627416
0 0.507654 0.72247 0.0289893 0.0340576
0 0.280503 0.214926 0.0161152 0.0548232
0 0.516659 0.84391 0.0182669 0.06836
0 0.479056 0.84119 0.0168348 0.0536982
0 0.515783 0.41048 0.0273811 0.0399882
0 0.533665 0.953384 0.0280569 0.0560359
0 0.76555 0.367257 0.028251 0.0457756
0 0.691297 0.365631 0.0183008 0.0522693
0 0.185616 0.732391 0.0298053 0.0414369
0 0.434048 0.638925 0.0288079 0.0483178
0 0.496583 0.334231 0.0346561 0.0363103
0 0.405914 0.518033 0.0183495 0.0660352
0 0.466895 0.922639 0.0274539 0.0454005
0 0.491041 0.899179 0.0216121 0.0437587
0 0.635269 0.341013 0.0166554 0.0606981
0 0.707794 0.185897 0.0323027 0.0275477
0 0.80343 0.45814 0.0207479 0.0448619
0 0.553257 0.527055 0.0271019 0.0519147
0 0.510255 0.777651 0.0235684 0.0520972
0 0.355679 0.325065 0.0265194 0.053936
0 0.539735 0.677219 0.0276449 0.0334063
0 0.404393 0.464202 0.0298404 0.0344264
0 0.255228 0.178241 0.0318498 0.0550389
0 0.532941 0.724463 0.0161306 0.0546165
0 0.496406 0.837991 0.0159644 0.053466
0 0.356788 0.941612 0.03002 0.0443871
0 0.643512 0.770442 0.0330326 0.0333275
0 0.672965 0.626111 0.0235034 0.0386174
0 0.469873 0.480605 0.0318199 0.0330619
0 0.657442 0.322539 0.0229701 0.0451531
0 0.12202 0.501957 0.0261963 0.0293098
0 0.0723124 0.848269 0.0319476 0.0381888
0 0.395624 0.641161 0.0195007 0.0530804
0 0.520093 0.512992 0.019455 0.0596657
0 0.380544 0.454463 0.0241222 0.0498806
0 0.819183 0.344023 0.0307199 0.0394682
0 0.764544 0.519035 0.0301366 0.0337269
0 0.484999 0.520082 0.0354223 0.0305218
0 0.414406 0.744679 0.017462 0.0490239
0 0.416944 0.678627 0.0171762 0.0506416
0 0.488076 0.428539 0.0160587 0.0546354
0 0.351531 0.491577 0.0353138 0.0373187
0 0.616333 0.40489 0.0250658 0.0387005
0 0.341235 0.148134 0.0328235 0.0361477
0 0.710178 0.569536 0.0310601 0.0299302
0 0.340799 0.300457 0.0162139 0.0602055
0 0.844535 0.503053 0.0341233 0.0278631
0 0.282254 0.434325 0.0155946 0.0548976
0 0.428362 0.414892 0.0207542 0.0645067
0 0.572688 0.284276 0.0139273 0.06166
0 0.662067 0.366039 0.0349019 0.0393748
0 0.954407 0.093482 0.0154566 0.0543254
0 0.492464 0.22763 0.0355226 0.0374855
0 0.671209 0.585648 0.0377645 0.0372662
0 0.594521 0.692921 0.0275147 0.0371274
0 0.37049 0.153952 0.0191672 0.0627997
0 0.76833 0.405578 0.0275218 0.0326415
0 0.683015 0.859025 0.0193765 0.0508367
0 0.864218 0.462304 0.0236057 0.0572564
0 0.859442 0.616177 0.0263268 0.0437005
0 0.569396 0.889617 0.033028 0.0350804
0 0.742431 0.303572 0.0234562 0.0514003
0 0.684742 0.454245 0.0253795 0.0505836
0 0.631549 0.661828 0.0151348 0.0499997
0 0.328128 0.733047 0.0149679 0.05813
0 0.469752 0.813242 0.0172321 0.0487239
0 0.11496 0.409821 0.0383821 0.0343436
0 0.351814 0.783849 0.017581 0.0525921
0 0.592816 0.641222 0.0221481 0.0477899
0 0.854351 0.556779 0.0177249 0.0471482
0 0.543111 0.269611 0.0261362 0.0476245
0 0.738905 0.903696 0.0323438 0.0363203
0 0.935671 0.500604 0.0283269 0.0565769
0 0.38862 0.557588 0.0205263 0.0649123
0 0.743011 0.450873 0.0265893 0.0466423
0 0.624073 0.439263 0.0350814 0.0322064
0 0.335209 0.391628 0.0183001 0.0592434
0 0.678447 0.191852 0.0152276 0.0423521
0 0.470753 0.205048 0.0307575 0.0294036
0 0.285636 0.728479 0.0256916 0.0523591
0 0.4425 0.161582 0.017627 0.0701605
0 0.782622 0.973799 0.0177425 0.04953
0 0.17396 0.883367 0.0151698 0.0548812
0 0.611191 0.339132 0.0190992 0.0546267
0 0.305233 0.455722 0.0222393 0.0559747
0 0.0712874 0.380303 0.0166529 0.0594016
0 0.42591 0.117688 0.0203413 0.0573398
0 0.682492 0.690675 0.0272603 0.0302674
0 0.143213 0.717855 0.0311615 0.0270008
0 0.368108 0.747292 0.0190173 0.04857
0 0.465046 0.392143 0.0354328 0.0361757
0 0.630497 0.150183 0.0241953 0.0411458
0 0.319774 0.894733 0.0349715 0.0334544
0 0.857287 0.826452 0.034712 0.0450477
0 0.4613 0.436512 0.0285749 0.0294236
0 0.742907 0.949057 0.0194779 0.0552064
0 0.544975 0.418755 0.0258863 0.0252174
0 0.559034 0.712613 0.0264555 0.0311107
0 0.415127 0.973345 0.0234432 0.05331
0 0.793572 0.369932 0.0169689 0.0587217
0 0.20263 0.78132 0.0291282 0.0416517
0 0.76892 0.481154 0.0143837 0.0486994
0 0.047598 0.900603 0.0285329 0.038674
0 0.537753 0.386796 0.0235998 0.0267639
0 0.316114 0.68824 0.0149104 0.0538876
0 0.0672461 0.684144 0.0213317 0.0373979
0 0.653935 0.241041 0.0175915 0.0502874
0 0.633162 0.900177 0.0295884 0.0343148
0 0.677423 0.543032 0.0344576 0.0319147
0 0.457322 0.308011 0.0273299 0.0522998
0 0.481117 0.977151 0.0213418 0.045698
0 0.111667 0.707396 0.0165855 0.0590819
0 0.366333 0.212852 0.0252792 0.0321645
0 0.60499 0.555299 0.0250011 0.0377318
0 0.19319 0.655084 0.024002 0.0389849
0 0.163487 0.969475 0.0168425 0.0610508
0 0.443021 0.552578 0.0325916 0.0288318
0 0.222975 0.849681 0.0184081 0.0580931
0 0.521763 0.368076 0.0157585 0.0453211
0 0.672421 0.740718 0.0180344 0.0446853
0 0.381649 0.757756 0.0222955 0.0479986
0 0.156831 0.758683 0.0244472 0.0336215
0 0.0184867 0.823802 0.0181293 0.0275308
0 0.584327 0.110782 0.0191275 0.0492345
0 0.245687 0.455287 0.025091 0.0341556
0 0.719727 0.293104 0.0205326 0.0427938
0 0.793707 0.534395 0.0146218 0.0332672
0 0.0659561 0.737203 0.0165307 0.0422134
0 0.602157 0.844758 0.0257796 0.0288545
0 0.183641 0.793262 0.022946 0.0364744
0 0.0109846 0.761988 0.0214939 0.0265008
0 0.746766 0.788428 0.0260225 0.0293926
0 0.0282313 0.634094 0.0257624 0.0385396
0 0.406 0.604516 0.0268281 0.0434522
0 0.170585 0.57857 0.0368344 0.0388
0 0.876262 0.539324 0.0257078 0.0409843
0 0.758873 0.614633 0.0139089 0.0573589
0 0.580812 0.811795 0.0316404 0.0278457
0 0.425308 0.258005 0.0303717 0.0559975
0 0.526622 0.564868 0.0167762 0.0470544
0 0.403088 0.931946 0.0142827 0.0554174
0 0.844196 0.759798 0.0201603 0.0559031
0 0.328368 0.81638 0.0139682 0.0510804
0 0.728632 0.479217 0.0188991 0.0361394
0 0.0146786 0.789946 0.0258564 0.0306171
0 0.78358 0.253808 0.0304997 0.0242963
0 0.640293 0.296453 0.032671 0.0259531
0 0.443984 0.884956 0.0201077 0.0564234
0 0.758816 0.86987 0.0325877 0.0286485
0 0.755784 0.543248 0.0317135 0.0254413
0 0.725083 0.849242 0.0283376 0.0283661
0 0.127722 0.543976 0.0322879 0.0349834
0 0.0382213 0.682936 0.0247426 0.0305556
0 0.581409 0.570991 0.0165783 0.0517461
0 0.20241 0.624798 0.0266362 0.0326202
0 0.0550328 0.620539 0.0165387 0.045546
0 0.79153 0.715625 0.0232684 0.0611531
0 0.580383 0.404643 0.0318383 0.0447635
0 0.452053 0.68092 0.028155 0.0327832
0 0.797611 0.646281 0.0223197 0.0490666
0 0.0767768 0.90111 0.0249762 0.0488313
0 0.70819 0.639547 0.0363067 0.0337885
0 0.0921876 0.615607 0.0226575 0.0508533
0 0.89858 0.558968 0.0164819 0.0597054
0 0.734441 0.708613 0.0138561 0.0510019
0 0.3116 0.736307 0.0188057 0.0547866
0 0.443021 0.699058 0.0280858 0.0372312
0 0.417603 0.337572 0.0334669 0.0311844
0 0.303605 0.297103 0.0377995 0.0326732
0 0.576305 0.957176 0.0238805 0.066597
0 0.823569 0.907646 0.01645 0.0409388
0 0.221249 0.6026 0.0185605 0.0509352
0 0.645504 0.204998 0.0246822 0.0323096
0 0.493797 0.0593577 0.0159997 0.0457799
0 0.58273 0.743567 0.0212646 0.0421125
0 0.891416 0.831206 0.0294238 0.0446951
0 0.267848 0.545756 0.028209 0.0309148
0 0.730013 0.8165 0.0289211 0.0321126
0 0.264063 0.407401 0.0321386 0.0356438
0 0.790229 0.152203 0.0220242 0.0622675
0 0.107118 0.452754 0.0288918 0.0425909
0 0.244945 0.260939 0.0283837 0.0582
0 0.28967 0.269749 0.0292801 0.0272356
0 0.715849 0.95245 0.0154027 0.0553219
0 0.12521 0.362216 0.0220099 0.0529958
0 0.643933 0.627044 0.0328806 0.0363728
0 0.786343 0.487411 0.0203401 0.0502546
0 0.469512 0.564885 0.0160995 0.0423379
0 0.0704826 0.794572 0.0179378 0.0384939
0 0.369263 0.653551 0.0303249 0.0325003
0 0.258677 0.509618 0.0247744 0.0273125
0 0.931215 0.957802 0.0342157 0.0843956
0 0.432822 0.858958 0.0159689 0.0455315
0 0.904948 0.877103 0.0144744 0.0444068
0 0.666009 0.664221 0.0272946 0.029335
0 0.233474 0.751668 0.0182393 0.0496498
0 0.764155 0.745464 0.0135305 0.0423985
0 0.754634 0.543992 0.0303352 0.0280713
0 0.55707 0.744819 0.0290331 0.0281277
0 0.823814 0.438212 0.0136833 0.0451152
0 0.399496 0.409893 0.0288539 0.0441792
0 0.370128 0.654187 0.0303554 0.0323306
0 0.521296 0.454425 0.0171221 0.0470695
0 0.727865 0.52109 0.0147933 0.0462626
0 0.607555 0.885181 0.0296483 0.0284834
0 0.454888 0.0843986 0.0152359 0.0580101
0 0.0401994 0.736796 0.0152821 0.0411522
0 0.580874 0.856079 0.0171161 0.0401506
0 0.612918 0.486598 0.0293501 0.0497285
0 0.950026 0.805604 0.0340584 0.111599
0 0.857073 0.953201 0.0251622 0.0320986
0 0.542163 0.858814 0.0170614 0.0543241
0 0.544123 0.14538 0.0248607 0.0395992
0 0.398079 0.218037 0.0237994 0.0622079
0 0.504547 0.452609 0.0209107 0.0429546
0 0.720033 0.749155 0.0185694 0.0465056
0 0.688712 0.302044 0.0266114 0.0333115
0 0.2811 0.49064 0.0273647 0.0236447
0 0.77546 0.566862 0.0279995 0.0308232
0 0.13273 0.948713 0.0218283 0.0402461
0 0.777755 0.894557 0.0309446 0.0303551
0 0.780147 0.613193 0.018666 0.0485527
0 0.279251 0.0553612 0.0183769 0.0330472
0 0.360195 0.90106 0.0317893 0.0328751
0 0.174476 0.468788 0.0187608 0.0550841
0 0.403335 0.775347 0.0242585 0.0251601
0 0.886787 0.88885 0.0151513 0.0574967
0 0.132721 0.102382 0.0294257 0.0344294
0 0.738889 0.601026 0.0185924 0.060304
0 0.817024 0.700727 0.0274111 0.0435295
0 0.547257 0.31882 0.0229386 0.0294141
0 0.604827 0.979109 0.0250385 0.0417823
0 0.353478 0.981653 0.0292906 0.0310443
0 0.025985 0.581058 0.0227637 0.0379357
0 0.450613 0.806933 0.0160368 0.0461212
0 0.651185 0.835055 0.016577 0.0494587
0 0.821242 0.290797 0.0156175 0.0452491
0 0.881088 0.71355 0.0422154 0.0519738
0 0.196017 0.128257 0.0210633 0.0467988
0 0.5552 0.490892 0.0255445 0.0324031
0 0.137354 0.346757 0.0321222 0.0446632
0 0.89442 0.45296 0.0341777 0.0375116
0 0.127905 0.769668 0.023879 0.0588416
0 0.737205 0.599534 0.0191822 0.0554977
0 0.716775 0.146889 0.0246284 0.0443199
