0 0.20637500000000003 0.7795694444444444 0.017171875 0.06670833333333334
0 0.209234375 0.8417499999999999 0.025437500000000002 0.050875000000000004
0 0.261390625 0.8457083333333333 0.036890624999999996 0.036180555555555556
0 0.2438984375 0.7241666666666666 0.033703125 0.03730555555555556
0 0.227046875 0.7388750000000001 0.03815625 0.02826388888888889
0 0.2375390625 0.4776944444444444 0.0400703125 0.050875000000000004
0 0.2674296875 0.23969444444444446 0.03625 0.042958333333333334
0 0.24898437499999998 0.3097916666666667 0.0311640625 0.06331944444444446
0 0.3052734375 0.38045833333333334 0.0356171875 0.03730555555555556
0 0.466171875 0.22104166666666666 0.026710937499999997 0.050875000000000004
0 0.47317187499999996 0.1989861111111111 0.0292578125 0.06105555555555556
0 0.5332734375 0.2199027777777778 0.0248046875 0.044097222222222225
0 0.4311953125 0.48956944444444445 0.0203515625 0.05652777777777778
0 0.3472421875 0.5217916666666667 0.0203515625 0.050875000000000004
0 0.3335703125 0.55175 0.0158984375 0.06331944444444446
0 0.31735156249999996 0.528 0.021625 0.07009722222222223
0 0.36028125 0.5562777777777778 0.02734375 0.052013888888888894
0 0.32053125 0.6552083333333333 0.021625 0.05313888888888889
0 0.32785156249999997 0.7807083333333333 0.0248046875 0.05991666666666667
0 0.3545625 0.7626111111111111 0.033703125 0.03956944444444444
0 0.37459375 0.7931388888888888 0.03434375 0.035055555555555555
0 0.3679140625 0.8298888888888889 0.029890624999999997 0.05426388888888889
0 0.42610937499999996 0.6925138888888889 0.03434375 0.03730555555555556
0 0.400984375 0.9158194444444444 0.022257812499999998 0.058791666666666666
0 0.3866796875 0.5590972222222222 0.0330703125 0.03052777777777778
0 0.4766640625 0.27418055555555554 0.0311640625 0.041833333333333333
0 0.44359374999999995 0.288875 0.033703125 0.04861111111111111
0 0.47475781250000004 0.3120555555555556 0.03625 0.04975
0 0.48939062499999997 0.552875 0.02734375 0.06105555555555556
0 0.4814375 0.6241111111111112 0.0203515625 0.07009722222222223
0 0.4582265625 0.6591527777777777 0.02734375 0.045222222222222226
0 0.42292968750000004 0.5455277777777777 0.0330703125 0.044097222222222225
0 0.49447656249999994 0.6947777777777778 0.02353125 0.06218055555555556
0 0.4744453125 0.7908749999999999 0.019078125 0.05991666666666667
0 0.4311953125 0.9367361111111112 0.026710937499999997 0.06444444444444444
0 0.424203125 0.9703472222222221 0.0228984375 0.059319444444444445
0 0.46076562499999996 0.8847222222222222 0.0324375 0.050875000000000004
0 0.4954296875 0.8965972222222222 0.03434375 0.052013888888888894
0 0.5230937499999999 0.7620416666666666 0.03625 0.04070833333333333
0 0.5434453125 0.7880555555555555 0.0311640625 0.045222222222222226
0 0.5291328125 0.8293194444444445 0.0330703125 0.03730555555555556
0 0.524046875 0.550625 0.031796875 0.036180555555555556
0 0.5415390625 0.5918888888888889 0.03625 0.041833333333333333
0 0.5110078125 0.5998055555555556 0.028617187500000002 0.02826388888888889
0 0.5192812499999999 0.6405000000000001 0.026078125 0.05313888888888889
0 0.48684374999999996 0.45790277777777777 0.017171875 0.06331944444444446
0 0.458859375 0.4918194444444445 0.0324375 0.04975
0 0.5816015625000001 0.25834722222222223 0.0375234375 0.03279166666666666
0 0.5488515625 0.3889444444444445 0.048335937499999995 0.045222222222222226
0 0.5571171875 0.46355555555555555 0.0330703125 0.02940277777777778
0 0.5211875 0.4980416666666666 0.0349765625 0.04861111111111111
0 0.6114921875 0.37876388888888884 0.029890624999999997 0.05426388888888889
0 0.59178125 0.42906944444444445 0.026078125 0.04636111111111112
0 0.6035468749999999 0.4884305555555556 0.027984375 0.05652777777777778
0 0.6299375 0.5732361111111112 0.02734375 0.04070833333333333
0 0.605453125 0.6212777777777778 0.0165390625 0.07575
0 0.6232578125 0.6427638888888889 0.019078125 0.05991666666666667
0 0.6067265625 0.5794444444444444 0.025437500000000002 0.044097222222222225
0 0.6639609375 0.15206944444444442 0.0165390625 0.06218055555555556
0 0.6467890625 0.37933333333333336 0.0292578125 0.041833333333333333
0 0.6480625 0.4251111111111111 0.025437500000000002 0.05426388888888889
0 0.6690546875 0.42737499999999995 0.0178046875 0.06331944444444446
0 0.6843125 0.4268194444444445 0.015265625 0.05766666666666667
0 0.659828125 0.5347916666666667 0.0248046875 0.06558333333333333
0 0.6410703125 0.48956944444444445 0.0241640625 0.06558333333333333
0 0.6293046875 0.5178333333333333 0.022257812499999998 0.06105555555555556
0 0.67890625 0.6122361111111111 0.028617187500000002 0.050875000000000004
0 0.68240625 0.5082222222222222 0.019078125 0.04861111111111111
0 0.702125 0.6795138888888889 0.0165390625 0.05652777777777778
0 0.6757265625 0.7665694444444444 0.013359375000000001 0.06783333333333334
0 0.6935390625 0.7733472222222222 0.020984375 0.07236111111111111
0 0.679390625 0.18844444444444444 0.0192734375 0.05354166666666666
0 0.6467109375 0.30044444444444446 0.016171875 0.06345833333333332
0 0.6974609375 0.38918055555555553 0.034023437499999996 0.034708333333333334
0 0.7119609375 0.4516527777777778 0.03625 0.03073611111111111
0 0.711125 0.48636111111111113 0.033468750000000005 0.034708333333333334
0 0.7523984375 0.3738194444444444 0.020078125 0.06345833333333332
0 0.7841953125 0.48188888888888887 0.0368125 0.03966666666666666
0 0.771921875 0.5260138888888889 0.026773437500000004 0.056513888888888884
0 0.8720390625000001 0.5255277777777778 0.035140624999999995 0.06147222222222222
0 0.843875 0.6236805555555556 0.0189609375 0.06544444444444444
0 0.8639531249999999 0.6147638888888889 0.0178515625 0.06544444444444444
0 0.73734375 0.42537499999999995 0.026773437500000004 0.073375
0 0.8171015625000001 0.6856527777777778 0.033468750000000005 0.052555555555555564
0 0.72284375 0.7605138888888889 0.031234374999999998 0.03768055555555556
0 0.34297656249999997 0.30897222222222226 0.0241328125 0.06976388888888889
0 0.34288281249999997 0.12634722222222222 0.0327265625 0.031013888888888886
0 0.139015625 0.7899444444444444 0.0306640625 0.05713888888888889
0 0.12228125000000001 0.744875 0.037351562500000005 0.03161111111111111
0 0.1258671875 0.7090277777777778 0.029226562499999997 0.03358333333333333
0 0.1422890625 0.6585833333333333 0.0365625 0.03922222222222222
0 0.14109375 0.6911666666666666 0.0379921875 0.03866666666666667
0 0.2814140625 0.6547777777777778 0.022203125 0.059958333333333336
0 0.2795078125 0.7219166666666667 0.03559375 0.04463888888888889
0 0.3947578125 0.7450138888888889 0.025109375 0.057972222222222224
0 0.306046875 0.8967499999999999 0.030343750000000003 0.06561111111111112
0 0.28357031250000003 0.478375 0.0073828125 0.04715277777777778
0 0.2670703125 0.4836111111111111 0.031765625 0.04518055555555556
0 0.36805468750000003 0.26119444444444445 0.023984375 0.058222222222222224
0 0.42894531249999995 0.2331388888888889 0.0342109375 0.04630555555555556
0 0.42894531249999995 0.1396111111111111 0.036125000000000004 0.042861111111111114
0 0.3474921875 0.3883055555555555 0.021109375 0.05402777777777778
0 0.3333828125 0.36406944444444445 0.0177578125 0.05316666666666667
0 0.3156875 0.41948611111111106 0.0301875 0.03251388888888889
0 0.27759375 0.4216111111111111 0.0241171875 0.05376388888888889
0 0.25415625 0.42188888888888887 0.021234375 0.04640277777777777
0 0.34175 0.45590277777777777 0.030671874999999998 0.02940277777777778
0 0.3855078125 0.4597222222222222 0.032125 0.03026388888888889
0 0.3823203125 0.4968472222222223 0.034671875000000005 0.03934722222222222
0 0.4699140625 0.39652777777777776 0.0230625 0.06140277777777778
0 0.5068984375000001 0.26034722222222223 0.0218046875 0.070125
0 0.5313671875 0.2961944444444444 0.03121875 0.05795833333333333
0 0.5554375 0.33063888888888887 0.011773437500000001 0.05543055555555555
0 0.3832734375 0.4147916666666666 0.021281249999999998 0.05372222222222222
0 0.41253124999999996 0.4962638888888889 0.01921875 0.05575
0 0.44887499999999997 0.7360972222222222 0.0173203125 0.05031944444444444
0 0.43237500000000006 0.8750972222222223 0.0206640625 0.063125
0 0.440265625 0.7666944444444445 0.02496875 0.05372222222222222
0 0.523875 0.7199305555555556 0.019414062500000002 0.04520833333333333
0 0.5679609375 0.861 0.019421874999999998 0.058652777777777776
0 0.6261640625 0.7152361111111112 0.020304687499999998 0.05488888888888889
0 0.6294531250000001 0.772125 0.017890625 0.05552777777777777
0 0.6085234374999999 0.8060972222222222 0.0161484375 0.05586111111111111
0 0.58465625 0.61375 0.016140625 0.05484722222222223
0 0.591140625 0.67525 0.014585937500000002 0.05363888888888889
0 0.7353046875 0.6617222222222222 0.017921875 0.05486111111111111
0 0.6717421875 0.6921666666666667 0.023609375 0.05672222222222223
0 0.71221875 0.34079166666666666 0.015320312499999999 0.066
0 0.7260546875 0.33494444444444443 0.0146328125 0.07030555555555555
0 0.6764140624999999 0.3681527777777778 0.030875000000000003 0.026041666666666668
0 0.81634375 0.903125 0.0146640625 0.04083333333333333
0 0.8336328125 0.9008055555555556 0.028226562500000003 0.05234722222222222
0 0.764828125 0.7988055555555555 0.015585937499999999 0.05240277777777777
0 0.6502734375 0.8353611111111111 0.019671875 0.058222222222222224
0 0.749859375 0.899263888888889 0.0228046875 0.05519444444444445
0 0.5655625 0.7684444444444444 0.0229140625 0.060152777777777784
0 0.6530234375 0.6280833333333333 0.024492187500000002 0.05458333333333333
0 0.7131406250000001 0.6369583333333334 0.02915625 0.03686111111111111
0 0.7902812499999999 0.6441388888888888 0.0266015625 0.05368055555555555
0 0.8212421875 0.47901388888888885 0.0307421875 0.042597222222222224
0 0.6887187499999999 0.5452083333333333 0.0284609375 0.04048611111111111
0 0.573046875 0.1952916666666667 0.0172421875 0.06705555555555556
0 0.3067421875 0.14713888888888887 0.0280703125 0.05513888888888889
0 0.1602265625 0.3679305555555556 0.027390625000000002 0.060125
0 0.2273046875 0.06472222222222222 0.033609375000000004 0.04805555555555556
0 0.199953125 0.306 0.020179687499999998 0.07201388888888889
0 0.21001562499999998 0.5047083333333333 0.0341171875 0.037736111111111116
0 0.1655546875 0.47809722222222223 0.024984375 0.05056944444444444
0 0.3039296875 0.8347083333333334 0.030015625 0.05081944444444445
0 0.375828125 0.9399027777777778 0.033828125 0.05698611111111111