0 0.40396875000000004 0.35908333333333337 0.01609375 0.06008333333333333
0 0.43736718750000003 0.22747222222222221 0.0362109375 0.06294444444444444
0 0.49450000000000005 0.30043055555555553 0.0394296875 0.03147222222222222
0 0.3597109375 0.3061527777777778 0.025750000000000002 0.06580555555555556
0 0.3383828125 0.34334722222222225 0.0185078125 0.06580555555555556
0 0.3243046875 0.37195833333333334 0.030578125 0.06008333333333333
0 0.31746093750000004 0.40844444444444444 0.037820312499999995 0.03576388888888889
0 0.3275234375 0.7253194444444445 0.017703125 0.07152777777777777
0 0.5077812500000001 0.5235972222222223 0.030578125 0.02861111111111111
0 0.5274921875 0.4978472222222222 0.0297734375 0.06008333333333333
0 0.47357812499999996 0.5543611111111111 0.0201171875 0.06723611111111111
0 0.434953125 0.46494444444444444 0.0313828125 0.03147222222222222
0 0.589453125 0.24177777777777779 0.0329921875 0.04005555555555555
0 0.4755859375 0.17668055555555554 0.038625 0.04434722222222222
0 0.5451953125 0.21959722222222225 0.0265546875 0.07009722222222223
0 0.6542343749999999 0.37697222222222226 0.037015625 0.04148611111111111
0 0.6791796875 0.4284722222222222 0.017703125 0.06151388888888889
0 0.6542343749999999 0.44277777777777777 0.030578125 0.058652777777777776
0 0.6200390625 0.45422222222222225 0.0201171875 0.06723611111111111
0 0.347234375 0.9699583333333334 0.028164062499999996 0.06008333333333333
0 0.32711718749999996 0.8068611111111111 0.0362109375 0.04005555555555555
0 0.2719921875 0.8319027777777778 0.017703125 0.058652777777777776
0 0.5081796875 0.8562222222222222 0.0233359375 0.058652777777777776
0 0.6196015625 0.33225 0.0347109375 0.044486111111111115
0 0.856546875 0.4685972222222222 0.03875 0.035875
0 0.875515625 0.5346111111111111 0.029867187499999996 0.05309722222222222
0 0.7188984375 0.4685972222222222 0.0282578125 0.06170833333333333
0 0.7067890625000001 0.5590138888888889 0.0331015625 0.07031944444444445
0 0.7043671875 0.6960694444444445 0.015335937499999999 0.06027777777777778
0 0.7188984375 0.6960694444444445 0.016953125 0.06027777777777778
0 0.6014375000000001 0.6135416666666667 0.0290625 0.03013888888888889
0 0.60184375 0.6408194444444444 0.0331015625 0.015791666666666666
0 0.5497734375000001 0.5877083333333333 0.020992187500000002 0.05309722222222222
0 0.7423124999999999 0.36812500000000004 0.0331015625 0.05309722222222222
0 0.27771093750000003 0.5173888888888889 0.03390625 0.03875
0 0.1901171875 0.4772083333333333 0.021796875 0.06745833333333333
0 0.2022265625 0.2999583333333333 0.036328125 0.03731944444444445
0 0.133609375 0.4061666666666667 0.031484374999999995 0.04018055555555555
0 0.30636718749999997 0.6322083333333334 0.021796875 0.06170833333333333
0 0.4995625 0.6283194444444444 0.0242734375 0.06177777777777777
0 0.522171875 0.588125 0.0209453125 0.06769444444444445
0 0.4146015625 0.5635833333333333 0.0199921875 0.07277777777777777
0 0.357 0.4383472222222222 0.027609375000000002 0.06431944444444444
0 0.38675000000000004 0.8792222222222221 0.033796875 0.05584722222222222
0 0.388890625 0.9764305555555555 0.02475 0.04715277777777778
0 0.6395234375000001 0.23252777777777775 0.0409453125 0.03854166666666667
0 0.676859375 0.24108333333333334 0.0221640625 0.05052777777777778
0 0.6970859375 0.24708333333333335 0.013492187499999999 0.06251388888888888
0 0.664328125 0.3138888888888889 0.0250546875 0.06080555555555556
0 0.5874921875 0.32716666666666666 0.0293828125 0.03254166666666666
0 0.580265625 0.369125 0.023609375 0.05994444444444444
0 0.5607578125 0.3806944444444445 0.026976562500000002 0.05052777777777778
0 0.580984375 0.42308333333333337 0.020234375 0.05994444444444444
0 0.5568984375 0.4209444444444444 0.0183046875 0.057375
0 0.5650937500000001 0.29418055555555556 0.035648437500000005 0.04197222222222222
0 0.5923125 0.28905555555555557 0.018789062500000002 0.04881944444444444
0 0.6079687500000001 0.4920277777777778 0.024085937499999998 0.06251388888888888
0 0.5104140625 0.40423611111111113 0.0361328125 0.03940277777777778
0 0.6038671875 0.6877222222222222 0.027460937499999998 0.02740277777777778
0 0.6120625000000001 0.7588055555555556 0.0216796875 0.04625
0 0.68696875 0.8393055555555555 0.030828125 0.03083333333333333
0 0.6436171875000001 0.721125 0.0211953125 0.049666666666666665
0 0.65903125 0.5776666666666667 0.04625 0.03340277777777778
0 0.6587890625 0.5014444444444445 0.034203125 0.04025
0 0.7669453125000001 0.34600000000000003 0.0385390625 0.029124999999999998
0 0.57328125 0.6102083333333334 0.023125 0.05223611111111111
0 0.53040625 0.3648472222222222 0.023125 0.063375
0 0.385640625 0.7665138888888888 0.022640625 0.06166666666666666
0 0.3750390625 0.8101944444444444 0.0361328125 0.05480555555555556
0 0.45621875 0.7172638888888888 0.0395 0.035111111111111114
0 0.41646875000000005 0.6680277777777778 0.0322734375 0.04111111111111111
0 0.413578125 0.7001388888888889 0.02553125 0.03340277777777778
0 0.2741171875 0.6089305555555555 0.026015624999999997 0.04795833333333333
0 0.1599375 0.47788888888888886 0.036609375 0.03597222222222222
0 0.211265625 0.354625 0.030109375 0.06334722222222222
0 0.33853125 0.5702916666666666 0.019609375000000002 0.06475
0 0.3824296875 0.5806666666666667 0.0224140625 0.05727777777777778
0 0.396203125 0.4756527777777778 0.0340859375 0.041499999999999995
0 0.427953125 0.3627638888888889 0.027546875 0.04815277777777778
0 0.4347265625 0.4146388888888889 0.030820312500000002 0.04068055555555555
0 0.4655390625 0.4013611111111111 0.028953125000000003 0.035694444444444445
0 0.46460937500000005 0.4358194444444445 0.035484375 0.026569444444444444
0 0.47371093750000004 0.48604166666666665 0.0172734375 0.05063888888888889
0 0.4580703125 0.4881111111111111 0.014945312499999999 0.05479166666666667
0 0.44429687500000004 0.5022222222222222 0.013539062499999999 0.04648611111111111
0 0.4295859375 0.5092777777777778 0.013078125 0.05727777777777778
0 0.4977578125 0.49059722222222224 0.030820312500000002 0.03652777777777778
0 0.24864843749999999 0.7263611111111111 0.0172734375 0.06475
0 0.39339843750000003 0.26106944444444447 0.037820312499999995 0.044
0 0.3929296875 0.3046527777777778 0.03315625 0.03818055555555555
0 0.4337890625 0.28680555555555554 0.0326875 0.030708333333333334
0 0.45667187499999995 0.27352777777777776 0.024281249999999997 0.055624999999999994
0 0.48515625 0.22205555555555556 0.028953125000000003 0.042333333333333334
0 0.47954687500000004 0.25359722222222225 0.03175 0.029055555555555557
0 0.5085 0.17018055555555556 0.0336171875 0.051472222222222225
0 0.4744140625 0.12866666666666668 0.036421875 0.04815277777777778
0 0.4599375 0.32706944444444447 0.0326875 0.041499999999999995
0 0.4223515625 0.8425694444444444 0.01634375 0.06308333333333334
0 0.4372890625 0.9616944444444444 0.0172734375 0.06558333333333333
0 0.46390624999999996 0.9446805555555555 0.030351562500000002 0.05976388888888889
0 0.5304453125 0.7147361111111111 0.014945312499999999 0.06475
0 0.5460859375 0.8185000000000001 0.0191484375 0.053125
0 0.5666328125 0.8541944444444444 0.01634375 0.051472222222222225
0 0.6107578124999999 0.9230972222222222 0.0326875 0.05644444444444444
0 0.4947265625 0.7865416666666666 0.02475 0.05229166666666667
0 0.5141015624999999 0.08052777777777777 0.0298828125 0.04815277777777778
0 0.4977578125 0.10169444444444445 0.02521875 0.05229166666666667
0 0.7053203124999999 0.4212916666666666 0.01540625 0.07554166666666667
0 0.69340625 0.518 0.020546875 0.05976388888888889
0 0.674265625 0.7234444444444444 0.030820312500000002 0.04897222222222222
0 0.6843046875 0.7620555555555555 0.0266171875 0.04648611111111111
0 0.743375 0.7869583333333333 0.0298828125 0.02988888888888889
0 0.7204921875 0.8537777777777779 0.015875 0.05894444444444444
0 0.738 0.8350972222222222 0.01634375 0.051472222222222225
0 0.75878125 0.8388333333333334 0.0140078125 0.05063888888888889
0 0.7410390625 0.5682222222222222 0.0186796875 0.07554166666666667
0 0.7888984375 0.58275 0.03315625 0.05644444444444444
0 0.6983125 0.34325 0.0415546875 0.035694444444444445
0 0.7056250000000001 0.086375 0.020640625000000003 0.05504166666666667
0 0.724109375 0.08905555555555557 0.0249375 0.051222222222222225
0 0.38005468750000004 0.35940277777777774 0.02778125 0.059500000000000004
0 0.398796875 0.39540277777777777 0.0338046875 0.03868055555555556
0 0.41067968749999995 0.43674999999999997 0.026773437500000004 0.045222222222222226
0 0.3813984375 0.4421111111111111 0.0170703125 0.06069444444444445
0 0.3571328125 0.8627916666666667 0.029453125000000004 0.05355555555555556
0 0.3710234375 0.9130694444444444 0.035812500000000004 0.044625000000000005
0 0.3126171875 0.8857083333333334 0.0328046875 0.04938888888888889
0 0.29203125 0.7494444444444445 0.0244296875 0.050583333333333334
0 0.770140625 0.9513194444444445 0.0163515625 0.03973611111111111
0 0.7874375 0.9224166666666667 0.0180390625 0.04098611111111111
0 0.8808125 0.7644722222222222 0.026609375 0.024347222222222225
0 0.878671875 0.7379444444444445 0.027250000000000003 0.02386111111111111
0 0.12734375 0.5773055555555556 0.03390625 0.05423611111111111
0 0.1159375 0.5239722222222222 0.034749999999999996 0.03769444444444445
0 0.1922578125 0.9149444444444444 0.0173203125 0.04875
0 0.0980546875 0.656875 0.0181328125 0.05720833333333333
0 0.0635546875 0.7628055555555556 0.014453125 0.05281944444444445
0 0.1918359375 0.210875 0.03675 0.06622222222222222
0 0.21900781249999998 0.15879166666666666 0.028023437499999998 0.06219444444444445
0 0.3267265625 0.15204166666666666 0.0441171875 0.048666666666666664
0 0.2270390625 0.7050138888888889 0.040703125 0.057375
0 0.21521093750000003 0.7973194444444445 0.033937499999999995 0.055763888888888884
0 0.199578125 0.830111111111111 0.026328125 0.05327777777777778
0 0.1328359375 0.7124861111111112 0.041515625 0.04227777777777778
0 0.463875 0.7782916666666667 0.0199453125 0.05776388888888889
0 0.47781250000000003 0.8724166666666666 0.03328125 0.043791666666666666
0 0.2591328125 0.37380555555555556 0.053914062500000005 0.06172222222222222
0 0.06637499999999999 0.30825 0.035859375 0.07277777777777777
0 0.2944765625 0.2709444444444445 0.0316484375 0.05423611111111111