0 0.9255063432005342 0.4042005638340717 0.03028933897173381 0.023076923076923075
0 0.3347852214555976 0.4045549738219895 0.024785221455597597 0.024571083366894883
0 0.2789205430669931 0.40461941200161095 0.02498775873581126 0.02077325815545711
0 0.5666080569775206 0.40649214659685867 0.013834854217671933 0.04022956101490133
0 0.9657467171155131 0.4068183648811921 0.018063654573781437 0.05030608135320177
0 0.5364322279100824 0.40767619814740236 0.02555085688849321 0.03474828836085381
0 0.6390830180280437 0.4097704389850987 0.017044291119519252 0.03334273056786146
0 0.23586245270420655 0.4113612565445026 0.026567994658357446 0.03661296818364881
0 0.20003783663476518 0.4124083769633508 0.012227910082350323 0.05127265404752316
0 0.38305809036278654 0.41260974627466773 0.020531938571110617 0.038662907772855415
0 0.7344914311150679 0.4140112766814337 0.01941909637213443 0.044265002013693114
0 0.2121589138660138 0.4145670559806685 0.009986645893612285 0.05323801852597664
0 0.7920632094369018 0.41800241643173586 0.016274204317827733 0.054607329842931936
0 0.048174938793679054 0.4181554571083367 0.031938571110616515 0.022070076520338298
0 0.48765412864455826 0.41879581151832457 0.010358335188070332 0.04598469593233991
0 0.11001335410638771 0.4189850986709625 0.014518139327843313 0.04793797825211438
0 0.702009793011351 0.41933145388642773 0.027625194747384823 0.023483689085783327
0 0.6118028043623414 0.41971405557792996 0.011749387936790564 0.038393072895690696
0 0.8291164032940128 0.42442207007652033 0.014838637881148453 0.03781715666532421
0 0.2857200089027376 0.42517116391461945 0.026536835076786114 0.019460330245670558
0 0.4508924994435789 0.42685863874345553 0.027262408190518582 0.033040676600886026
0 0.5332116625862452 0.42803463552154647 0.02301580235922546 0.0353966975432944
0 0.7791097262408191 0.4280829641562626 0.020758958379701757 0.04177607732581555
0 0.5176519029601603 0.4288844140153041 0.017077676385488537 0.04416834474426098
0 0.07046071667037614 0.4303262182843335 0.02507901179612731 0.0336971405557793
0 0.8492343645671044 0.4343656866693516 0.015134653906076118 0.05120016109544905
0 0.14720676608056976 0.43438985098670957 0.028312931226352103 0.017885622231171967
0 0.9292321388827064 0.43503020539669757 0.02847985755619853 0.03524365686669352
0 0.16851991987536166 0.4353080950463149 0.01911640329401291 0.05061216270640354
0 0.417382595148008 0.43641159887233183 0.018918317382595147 0.04272654047523158
0 0.7536723792566214 0.4365283930728957 0.025021144001780547 0.03274265002013693
0 0.10397062096594703 0.4373942811115586 0.015889160916981972 0.041550543697140556
0 0.35837747607389275 0.43878775674587195 0.021882929000667704 0.04354409987917841
0 0.8495593144892055 0.04418445428916633 0.018824838637881147 0.024494563028594443
0 0.08233251724905409 0.44152235199355616 0.02905408413087024 0.018542086186065242
0 0.6514578232806588 0.4436045106725735 0.016605831293122635 0.04139750302053967
0 0.629350100155798 0.44399919452275477 0.01515691075005564 0.0453242045912203
0 0.5047696416648119 0.4442005638340717 0.013890496327620743 0.048091018928715264
0 0.1957289116403294 0.4471687474828836 0.01939906521255286 0.04024567055980669
0 0.25091253060316043 0.44919452275473215 0.022808813710215894 0.03686266612968184
0 0.22616069441353215 0.4492589609343536 0.023225016692632983 0.02049939589206605
0 0.5584286668150457 0.4506806282722513 0.015548631204095258 0.04612565445026178
0 0.30793679056309814 0.451163914619412 0.012490540841308701 0.04561417639951672
0 0.3848631204095259 0.45141763995167133 0.022744268862675273 0.04759967780910189
0 0.1277431560204763 0.4517962142569472 0.010903627865568663 0.05463552154651631
0 0.4470220342755397 0.45192509061619013 0.026031604718450924 0.03211840515505437
0 0.48440017805475183 0.4521908981071285 0.02828399732917872 0.023213854208618608
0 0.3295748942799911 0.454168344744261 0.02304918762519475 0.03895690696737817
0 0.5904874248831515 0.45572291582762786 0.015684397952370352 0.05384615384615384
0 0.5748208324059648 0.4580789367700363 0.013590028933897174 0.050704792589609346
0 0.1598753616737147 0.46097462746677403 0.01959715112397062 0.0368586387434555
0 0.05732917872245715 0.46109142166733796 0.03418651235254841 0.03395086588803866
0 0.7309125306031604 0.4612082158679018 0.025085688849321164 0.017668143374949655
0 0.5246338749165368 0.4613048731373339 0.01063877142221233 0.017088199758356827
0 0.6758802581793901 0.46253725332259366 0.01855330514133096 0.04407974224728151
0 0.09213888270643224 0.46266612968183646 0.02565546405519697 0.022605718888441404
0 0.2705252615179168 0.46562223117196944 0.012537280213665701 0.05008054772452678
0 0.8117827732027599 0.4664760370519533 0.019681727131092813 0.043266210229561015
0 0.6975584242154462 0.4675714861055175 0.02436679278878255 0.03276681433749497
0 0.1864344535944803 0.4702698348771647 0.01714444691742711 0.04759162303664922
0 0.02385933674604941 0.47052356020942404 0.012826619185399511 0.03203383004430125
0 0.1839016247496105 0.04718485702778896 0.01902515023369686 0.04121224325412807
0 0.1113509904295571 0.47340314136125655 0.01849766303138215 0.04512686266612968
0 0.5437035388381928 0.47472009665726944 0.017954596038281773 0.04627869512686267
0 0.4662341419986646 0.4752436568666935 0.011054974404629424 0.055183246073298435
0 0.6121255286000445 0.4802094240837696 0.027979078566659245 0.026016915022150623
0 0.9122301357667482 0.480273862263391 0.017395949254395728 0.05267418445428916
0 0.29013576674827507 0.4806846556584776 0.012688626752726462 0.0454893274265002
0 0.3461451146227465 0.48094643576318974 0.026374360115735587 0.029254933548127266
0 0.8757200089027376 0.48244059605316153 0.010799020698864901 0.05308095046314942
0 0.22146004896505675 0.48415223519935563 0.015998219452481637 0.04405155054369714
0 0.3918139327843312 0.48427708417237214 0.010258179390162476 0.05047120418848167
0 0.5260093478744714 0.48624244865082555 0.02381037168929446 0.033185662505034234
0 0.140186957489428 0.48648811921063234 0.02672379256621411 0.026612968183648812
0 0.4221633652348097 0.48794200563834067 0.02363454262185622 0.04758759565042287
0 0.4822991319830848 0.4882118405155054 0.020614288893834855 0.03829238824003222
0 0.6626418873803694 0.4912001610954491 0.026167371466726017 0.03210632299637535
0 0.1765924771867349 0.4926580749093838 0.020905853549966616 0.01852597664115989
0 0.4473469841976408 0.49534031413612567 0.015826841753839305 0.04588401127668144
0 0.3068506565768974 0.49606121627064037 0.02247718673492099 0.03789770438985098
0 0.6415802359225462 0.4976802255336287 0.01356777208991765 0.05056383407168747
0 0.20307812152236812 0.4979581151832461 0.0130981526819497 0.051904953685058396
0 0.8916069441353216 0.49979460330245673 0.028246160694413533 0.029267015706806284
0 0.37292677498330734 0.5007088199758357 0.025450701090585354 0.018131292790978658
0 0.5082083240596483 0.5011679420056384 0.0307522813265079 0.026898912605718892
0 0.051106165145782326 0.5018042690293999 0.026078344090807924 0.03524768425291985
0 0.6920943690184732 0.5052799033427305 0.023425328288448698 0.031651228352799037
0 0.9463877142221233 0.5070479258960935 0.02753839305586468 0.03787354007249295
0 0.5946116180725574 0.5070559806685461 0.030011128421989764 0.019826822392267417
0 0.08265524148675718 0.5079581151832461 0.028043623414199866 0.04283930728956907
0 0.171308702425996 0.512303664921466 0.02596928555530826 0.029532823197744664
0 0.7339483641219675 0.5129520741039066 0.019203204985533052 0.04458719291180024
0 0.8611751613621189 0.5132742650020137 0.027729801914088584 0.040112766814337494
0 0.7952437124415759 0.5142529198550141 0.018170487424883152 0.04443415223519936
0 0.8221322056532384 0.5143858236004833 0.010856888493211663 0.04312525171163915
0 0.8364233251724906 0.5147764800644382 0.013093701313153794 0.04548127265404753
0 0.31661918539951034 0.5161578735400725 0.025513020253728022 0.033310511478050746
0 0.9714266636990875 0.5173902537253323 0.015967059870910304 0.039706000805477246
0 0.3557756510126864 0.5187072090213452 0.02587803249499221 0.03920257752718486
0 0.5513020253728022 0.5197543294401933 0.025337191186289784 0.04679017317760774
0 0.48306031604718447 0.52028594442207 0.015619853104829736 0.043278292388240026
0 0.5805030046739372 0.5257792992347966 0.03034052971288671 0.0336971405557793
0 0.19200534164255506 0.5270962545308094 0.013527709770754508 0.054401933145388645
0 0.26053416425550857 0.5307611759967782 0.02654351212997997 0.0318848167539267
0 0.4013643445359448 0.5310149013290375 0.012316937458268418 0.04652839307289569
0 0.42838192744268866 0.5311478050745067 0.029047407077676383 0.019295207410390654
0 0.3363053638993991 0.5312766814337495 0.009588248386378811 0.05333870318163512
0 0.8869330068996216 0.5323238018525976 0.03015802359225462 0.028719291180024167
0 0.22160026708212774 0.5324647603705195 0.03147562875584242 0.0368586387434555
0 0.7762141108390831 0.5337615787354006 0.022784331181838417 0.03945227547321788
0 0.7563498775873582 0.5338944824808699 0.02256176274204318 0.028719291180024167
0 0.15328733585577567 0.5340394683850181 0.010765635432895614 0.043262182843334676
0 0.2936835076786112 0.5352033830044302 0.018913866013799244 0.032911800241643176
0 0.5155530825728912 0.5361216270640354 0.02561762742043178 0.026101490132903745
0 0.910091253060316 0.5366411598872332 0.023781437792121076 0.0420700765203383
0 0.3844291119519252 0.5389327426500201 0.015795682172267973 0.05372935964559001
0 0.17268417538393055 0.5410390656463955 0.023509904295570885 0.04065243656866693
0 0.47035833518807035 0.5501288763592429 0.021911862897841087 0.032122432541280714
0 0.5000311595815713 0.5515666532420459 0.026552414867571778 0.039714055577929924
0 0.5405564210994881 0.5515666532420459 0.013828177164478078 0.05542488924687878
0 0.26874916536835075 0.5535400724929521 0.022706432227910082 0.030306081353201772
0 0.05805252615179167 0.555308095046315 0.01913420876919653 0.05347563431333065
0 0.0864210994880926 0.5561578735400725 0.01335188070331627 0.052823197744663715
0 0.8473135989316715 0.5564156262585581 0.020398397507233476 0.037792992347966174
0 0.3123147117738705 0.5565445026178011 0.02240373914978856 0.04573902537253322
0 0.7429267749833073 0.5584373741441804 0.023062541731582464 0.031461941200161096
0 0.8232494992210105 0.5590978654853 0.03162252392610728 0.030068465565847764
0 0.7550834631649233 0.5594200563834072 0.015250389494769642 0.04520741039065646
0 0.359392388159359 0.562303664921466 0.018352993545515246 0.05254530809504632
0 0.5199287780992655 0.5664921465968586 0.01411306476741598 0.027144583165525576
0 0.7213309592699755 0.5680104712041885 0.013302915646561319 0.04287958115183246
0 0.2836567994658358 0.5702980265807491 0.026754952147785442 0.026113572291582763
0 0.5616514578232806 0.5717277486910994 0.02259069663921656 0.042327829238824
0 0.49677053193857107 0.571864679822795 0.030329401290896955 0.021820378574305275
0 0.1747095481860672 0.5763874345549739 0.027562875584242155 0.021792186870720903
0 0.587520587580681 0.5776198147402336 0.012933452036501224 0.04153846153846154
0 0.034099710661028265 0.5793274265002014 0.016376585800133542 0.051506242448650826
0 0.7756354328956153 0.5797100281917036 0.018152681949699535 0.05122432541280709
0 0.6226930781215224 0.57971405557793 0.014865346093923882 0.058296415626258556
0 0.8641776096149566 0.5808900523560209 0.012461606944135322 0.04258155457108337
0 0.34466503449810815 0.5813572291582763 0.012777654128644558 0.05153846153846154
0 0.3234987758735811 0.5842327829238825 0.016895170264856443 0.046906967378171564
0 0.8258602270198087 0.5864035440998792 0.030035610950367237 0.020620217478856222
0 0.23709103049187624 0.587933950865888 0.023817048742488318 0.04152637937978252
0 0.4687269085243712 0.5899275070479258 0.027805475183618963 0.02059202577527185
0 0.6045270420654351 0.5907088199758357 0.013652348097039841 0.048868304470398714
0 0.13277320275984864 0.5913733387031817 0.014451368795904742 0.050978654853000405
0 0.523874916536835 0.5920257752718485 0.022579568217226797 0.03491743858236005
0 0.26401290896950813 0.5936004832863472 0.0212196750500779 0.03815142972211035
0 0.7511039394613844 0.5954208618606525 0.021184064099710662 0.04493757551349174
0 0.49792788782550634 0.5988280306081354 0.02540841308702426 0.021111558598469592
0 0.36547295793456486 0.06008457511075312 0.020961495659915425 0.03275875956504229
0 0.3938370799020699 0.6017720499395892 0.016950812374805252 0.047426500201369313
0 0.10298909414645004 0.6034232782923882 0.027313598931671488 0.027047925896093433
0 0.27870242599599376 0.06080547724526782 0.021947473848208325 0.03524365686669352
0 0.8443489873135989 0.604869109947644 0.02316492321388827 0.043008457511075314
0 0.19077231248608947 0.6118244059605317 0.028880480747829954 0.025956504228755537
0 0.25949031827286895 0.6142408376963351 0.026501224126418872 0.03936770036246476
0 0.14959492543957267 0.6178211840515505 0.03135321611395504 0.026886830447039874
0 0.059859781882929 0.6189287152637938 0.021537947918985088 0.055030205396697535
0 0.8765524148675717 0.6190012082158679 0.02592477186734921 0.02296818364881192
0 0.7341664811929669 0.6242207007652034 0.02484754061874026 0.03968989126057189
0 0.5159158691297574 0.6246838501812323 0.026630313821500114 0.031184051550543698
0 0.5848809258847095 0.6292629883205799 0.019557088804807478 0.045062424486508254
0 0.09307589583797017 0.6313693113169553 0.03151346539060761 0.026488119210632297
0 0.23814155352770977 0.6340757148610552 0.020271533496550188 0.04211437776882803
0 0.6927464945470733 0.6347925896093436 0.016042733140440687 0.05140555779299235
0 0.5620120186957489 0.6359766411598873 0.01810371689294458 0.04677809101892872
0 0.34375918094814156 0.6362424486508256 0.018123748052526152 0.04389850986709625
0 0.11558646783886047 0.6407974224728151 0.03608502114400178 0.022215062424486506
0 0.16077676385488537 0.6424285138944825 0.022448252837747606 0.05253725332259363
0 0.3748408635655464 0.6433064840918243 0.02759626085021144 0.026794200563834074
0 0.39610950367237924 0.06447845348368908 0.01667927887825506 0.0302577527184857
0 0.7123569997774315 0.6453322593636729 0.011851769419096372 0.04341522351993556
0 0.1876964166481193 0.6457269432138542 0.030255953705764522 0.037136528393072896
0 0.612851101713777 0.6499194522754732 0.019494769641664814 0.04167942005638341
0 0.8583507678611173 0.6522513089005235 0.015257066547963499 0.04704792589609343
0 0.8813621188515468 0.6524486508256142 0.029145337191186286 0.03408779701973419
0 0.2856821722679724 0.6552154651631091 0.024438014689517024 0.04904550946435763
0 0.415139105274872 0.06571888844140153 0.02166926329846428 0.016999597261377366
0 0.34578455375027817 0.06577527184857028 0.022755397284665035 0.029685863874345547
0 0.3245092365902515 0.0659726137736609 0.01928778099265524 0.015155054369714057
0 0.745564210994881 0.6570801449859042 0.020718896060538616 0.04884816753926702
0 0.22102604050745606 0.6586870720902135 0.033365234809703985 0.026919049536850585
0 0.7730269307812152 0.6600926298832058 0.025270420654351214 0.02973419250906162
0 0.9003961718228355 0.6625936367297623 0.02060093478744714 0.04416431735803463
0 0.5773158246160695 0.6641240434957713 0.02900289338971734 0.02505436971405558
0 0.6587335855775651 0.6644462343938784 0.01661250834631649 0.0517921868707209
0 0.42570888048074784 0.6645066451872734 0.030727798798130427 0.024285138944824806
0 0.06195860227019809 0.6662142569472412 0.023418651235254842 0.047470801449859046
0 0.6336211885154686 0.6662786951268627 0.01848653460939239 0.04759967780910189
0 0.29860004451368793 0.6664115988723319 0.023347429334520366 0.039226741844542896
0 0.3310616514578233 0.6671325010068465 0.027246828399732918 0.036737817156665326
0 0.6878210549744046 0.6671365283930729 0.016378811484531495 0.050455094643576316
0 0.6737480525261518 0.6692871526379379 0.018426441130647675 0.05047925896093435
0 0.09821500111284219 0.6718928715263793 0.02036723792566214 0.037801047120418846
0 0.389859781882929 0.6731534434152235 0.02371689294458046 0.03463954893274265
0 0.13193634542621854 0.6741119613370922 0.026726018250612063 0.026347160692710432
0 0.25221678166036055 0.6753161498187676 0.033229468061428895 0.026234393878372935
0 0.9287625194747385 0.6760813532017721 0.028119296683730248 0.03813934756343133
0 0.30077231248608943 0.06780507450664519 0.021611395504117514 0.025102698348771647
0 0.840839083018028 0.6893757551349174 0.011368795904740707 0.05608538058799838
0 0.6182060983752504 0.6898469593233991 0.012837747607389273 0.04823600483286347
0 0.5587536167371466 0.6929198550140958 0.017068773647896728 0.045106725734997986
0 0.6012730914756288 0.6932460732984292 0.02064767415980414 0.04654853000402739
0 0.7030914756287558 0.6932460732984292 0.015361673714667259 0.04183246073298429
0 0.08156910750055642 0.6947925896093435 0.015450701090585356 0.05671365283930729
0 0.8112419318940574 0.695594039468385 0.035530825728911634 0.02689085783326621
0 0.06253728021366571 0.6984857027788964 0.027469396839528155 0.04209826822392267
0 0.77682617404852 0.6987998389045509 0.021578010238148232 0.04508658880386629
0 0.44083463164923214 0.7016190092629883 0.026245270420654353 0.0397221103503826
0 0.2306498998442021 0.7083044703987113 0.026565768973959493 0.03345549738219895
0 0.34672824393501 0.7083044703987113 0.026020476296461162 0.03816753926701571
0 0.39593812597373695 0.7093515908175594 0.026325395058980638 0.02612162706403544
0 0.7255263743601157 0.7097462746677407 0.012170042288003561 0.04614579138139348
0 0.42136657022034274 0.7110430930326218 0.025517471622523928 0.04600080547724527
0 0.3042488315156911 0.7118445428916633 0.024415757845537504 0.04116794200563834
0 0.6266703761406632 0.7131453886427709 0.016251947473848206 0.02035843737414418
0 0.5780057867794347 0.7132823197744663 0.024912085466280882 0.0296496173983085
0 0.03189183173825951 0.7149818767619814 0.03236812819942132 0.032666129681836485
0 0.251635878032495 0.716745871929118 0.013834854217671933 0.052694321385420864
0 0.2814133095926998 0.7198227950060411 0.0130046739372357 0.059633507853403135
0 0.5404117516136212 0.723290374546919 0.023091475628755843 0.049287152637937974
0 0.6419407967950144 0.7242730567861457 0.02478744713999555 0.04103906564639549
0 0.17514355664366793 0.724643576318969 0.018010238148230582 0.05513491743858236
0 0.5969307812152237 0.7276761981474024 0.014569330068996215 0.04941602899718083
0 0.7499465835744492 0.7291743858236005 0.028419764077453818 0.03355618203785743
0 0.6690830180280436 0.730688683044704 0.028628978410861337 0.03030205396697543
0 0.2029334520365012 0.7331534434152236 0.03451813932784331 0.03130487313733387
0 0.34187625194747384 0.7360612162706404 0.02709770754507011 0.03672170761175997
0 0.79849988871578 0.7368344744260974 0.033367460494101935 0.021381393475634315
0 0.7126441130647674 0.7372412404349576 0.02143779212107723 0.04929520741039066
0 0.0738971733808146 0.7383527990334273 0.03340084576007122 0.021929118002416433
0 0.2640819051858446 0.7390656463954893 0.019450255953705763 0.052557390253725335
0 0.045675495214778546 0.7436488119210632 0.021250834631649233 0.025590012082158678
0 0.394344535944803 0.7467297623842127 0.01680614288893835 0.04287958115183246
0 0.41286223013576673 0.7470438985098671 0.023705764522590697 0.0473016512283528
0 0.2433140440685511 0.7495408779701973 0.015423992877809926 0.045223519935561826
0 0.45226352103271755 0.7545066451872735 0.02296016024927665 0.038658880386629076
0 0.7704985533051413 0.7561417639951671 0.033926107277987984 0.026218284333467578
0 0.30909859781882926 0.7570036246476037 0.023694636100600932 0.03815545710833669
0 0.8545893612285778 0.7571888844140152 0.01542621856220788 0.05187676198147403
0 0.14311818384153127 0.7615626258558196 0.03345203650122413 0.02998791784132098
0 0.7368105942577342 0.7666774063632703 0.02255508568884932 0.04493757551349174
0 0.6004050745604274 0.7673459524768425 0.028464277765412865 0.02662907772855417
0 0.37668595593144893 0.7685300040273862 0.01912753171600267 0.04563431333064841
0 0.203692410416203 0.7690938380990737 0.014760738927220119 0.04057591623036649
0 0.3293590028933897 0.7691824405960532 0.01212107723124861 0.052178815948449454
0 0.6100623191631427 0.07697543294401933 0.016908524371244158 0.026947241240434957
0 0.05624527042065435 0.7708135320177205 0.03375027821054974 0.02414418042690294
0 0.2831159581571333 0.07762786951268627 0.010037836634765191 0.03223922674184454
0 0.6741464500333852 0.7810954490535642 0.01531493434231026 0.036999597261377366
0 0.02903405297128867 0.7830608135320177 0.016663699087469397 0.05898912605718888
0 0.7215112397062097 0.7848932742650021 0.01496772757622969 0.04354409987917841
0 0.3075027821054974 0.787184857027789 0.024647229022924547 0.03424889246878776
0 0.5707300244825284 0.7895328231977446 0.025675495214778545 0.04036649214659686
0 0.6228355219229913 0.7897946033024567 0.02739817493879368 0.03460732984293194
0 0.2719697306921879 0.7907772855416835 0.018435343868239484 0.05385420861860652
0 0.2372356999777432 0.7913693113169553 0.012817716447807702 0.04482078131292791
0 0.36662586245270423 0.7928111155859847 0.023616737146672603 0.033987112364075714
0 0.8203939461384376 0.7944341522351993 0.012592922323614511 0.05330648409182441
0 0.25235699977743153 0.7962746677406364 0.018584464722902292 0.049138139347563434
0 0.5899799688404185 0.8000080547724527 0.024511462274649454 0.03617801047120419
0 0.09952147785444024 0.08024164317358035 0.030868016915201423 0.023266210229561015
0 0.1328822612953483 0.08030608135320177 0.020313821500111285 0.04146596858638743
0 0.7964032940129089 0.8035320177204994 0.021066102826619186 0.04244059605316149
0 0.18085688849321166 0.804132098268224 0.02873803694636101 0.03813934756343133
0 0.8467015357222346 0.8064115988723318 0.024829735143556644 0.046629077728554166
0 0.31238593367460493 0.08115988723318567 0.025733363009125307 0.025098670962545307
0 0.3993634542621856 0.08129279097865486 0.01848876029379034 0.040298026580749095
0 0.052118851546850656 0.8134917438582361 0.017685288226129532 0.05136125654450262
0 0.6605786779434676 0.8157148610551752 0.02334297796572446 0.05188078936770036
0 0.6825795682172268 0.8193193717277486 0.030876919652793232 0.026874748288360856
0 0.2083262853327398 0.8248167539267016 0.035314934342310256 0.021377366089407972
0 0.38168039172045404 0.08279500604107934 0.012612953483196084 0.027587595650422875
0 0.3166926329846428 0.8265847764800643 0.03057867794346761 0.025698751510269836
0 0.5968907188960605 0.8266492146596859 0.02414867571778322 0.04625050342327829
0 0.3467616292009793 0.8351590817559403 0.029919875361673717 0.023209826822392268
0 0.3484642777654129 0.0849536850583971 0.011257511684843088 0.03426500201369311
0 0.15383262853327398 0.08547724526782119 0.019234364567104385 0.02274265002013693
0 0.3244357890051191 0.8612766814337496 0.030721121744936568 0.021240434957712447
0 0.05161362118851547 0.8636971405557793 0.03230135766748275 0.03472009665726943
0 0.2552904518139328 0.8654691904953685 0.013763632316937459 0.017511075312122433
0 0.21205208101491207 0.08685461135722916 0.018889383485421768 0.025565847764800642
0 0.7818606721566882 0.0868586387434555 0.02365457378143779 0.029428111155859846
0 0.023100378366347655 0.8683447442609746 0.023031382150011128 0.030660491341119613
0 0.4730002225684398 0.8691985501409585 0.016340974849766304 0.018433346757954088
0 0.5467794346761629 0.8722110350382601 0.014987758735811263 0.016600886024969796
0 0.4782483863788115 0.08751510269834878 0.02292900066770532 0.01738622633910592
0 0.5281081682617405 0.8743052758759565 0.01585132428221678 0.024977849375755135
0 0.44322279100823503 0.8764639548932743 0.02754952147785444 0.029299234796616995
0 0.574531493434231 0.08836890857833266 0.01069441353216114 0.03982279500604108
0 0.23578677943467619 0.08868707209021345 0.011660360560872468 0.02680225533628675
0 0.33030046739372354 0.888050745066452 0.015740040062319164 0.037547321788159484
0 0.40880925884709546 0.08954490535642368 0.009519252170042288 0.019089810712847363
0 0.17214110839083016 0.8953161498187677 0.024593812597373692 0.015469190495368504
0 0.6113331849543734 0.896496173983085 0.0277431560204763 0.031663310511478054
0 0.7379679501446695 0.9015948449456302 0.009238815935900289 0.020173177607732583
0 0.3599710661028266 0.09058397100281916 0.010827954596038282 0.03295207410390656
0 0.3724170932561763 0.09431735803463552 0.011168484308924994 0.03420861860652436
0 0.49622969062986866 0.09536850583971003 0.01070331626975295 0.02052758759565042
0 0.43584019586022704 0.09582360048328635 0.017994658357444914 0.05207813129279098
0 0.6373825951480081 0.09884011276681433 0.017407077676385486 0.014111961337092227
0 0.6856866236367682 0.10014901329037454 0.02716225239261073 0.023012484897301653
0 0.4230291564656132 0.10093032621828434 0.014952147785444025 0.035581957309706
0 0.12709103049187626 0.10099073701167942 0.020022256843979524 0.02941602899718083
0 0.6058290674382372 0.10263793797825212 0.02494101936345426 0.020712847362062022
0 0.3116648119296684 0.10354812726540476 0.011030491876251948 0.03381796214256947
0 0.7153527709770754 0.10446637132501006 0.013069218784776319 0.011550543697140555
0 0.07578232806588026 0.10472009665726942 0.02246828399732918 0.045517519130084574
0 0.5257200089027376 0.10610149013290374 0.013679056309815269 0.029428111155859846
0 0.8468818161584687 0.1075392670157068 0.015205875806810593 0.037801047120418846
0 0.7815691075005564 0.10754329440193314 0.0187335855775651 0.025235602094240837
0 0.6217137769864234 0.1085259766411599 0.011838415312708657 0.02563028594442207
0 0.6546071667037614 0.10865888038662909 0.014440240373914977 0.024377768828030607
0 0.5606009347874472 0.10898912605718888 0.011373247273536613 0.03393475634313331
0 0.7266414422434899 0.10983487716472011 0.011244157578455375 0.016463954893274266
0 0.4885221455597596 0.11193314538864277 0.01135099042955709 0.02883205799436166
0 0.8102648564433563 0.11264599275070479 0.024458045849098598 0.026016915022150623
0 0.20995326062764302 0.11461135722915827 0.01555975962608502 0.031333064840918246
0 0.8779612730914756 0.11546113572291583 0.022343645671043848 0.01986306886830447
0 0.15545737814377922 0.11637132501006846 0.017890051190741153 0.037398308497784936
0 0.7003805920320498 0.1163834071687475 0.016118406409971066 0.026214256947241242
0 0.6319207656354329 0.11743052758759565 0.02333407522813265 0.0178372935964559
0 0.8619697306921879 0.12135320177204993 0.009347874471399956 0.02850181232380185
0 0.30070331626975294 0.12364075714861056 0.030349432450478525 0.026004832863471605
0 0.6570687736478967 0.12404349577124446 0.011546850656576898 0.022682239226741844
0 0.6875339416870688 0.12482883608538059 0.012568439795237035 0.027394281111558595
0 0.7780970398397506 0.12488924687877569 0.025679946583574448 0.030857833266210232
0 0.7322123302915646 0.12639146194120016 0.019203204985533052 0.03936770036246476
0 0.33905408413087024 0.1267136528393073 0.01624527042065435 0.04236810310108739
0 0.3279100823503227 0.12723721304873137 0.014222123302915645 0.04655658477648006
0 0.8026997551747163 0.12724526782118406 0.018023592254618297 0.027716472009665725
0 0.6708880480747831 0.12790575916230365 0.015515245938125973 0.03459524768425292
0 0.5841909637213443 0.13136931131695528 0.014382372579568219 0.04539267015706806
0 0.7124638326285333 0.13182843334675795 0.016154017360338304 0.036097462746677404
0 0.3984709548186067 0.13267015706806284 0.02010238148230581 0.040926298832058
0 0.7685444024037392 0.13588401127668143 0.024807478299577117 0.03242851389448248
0 0.1985555308257289 0.13692710430930327 0.013167148898286221 0.0313693113169553
0 0.5943957266859559 0.13745469190495369 0.013946138437569552 0.047354007249295206
0 0.6329712886712664 0.1378493757551349 0.024998887157801023 0.01986306886830447
0 0.744442466058313 0.13797825211437778 0.018186067215668816 0.04447039871123641
0 0.1690607611840641 0.1387635924285139 0.026280881371021587 0.021518324607329845
0 0.2985288226129535 0.14157873540072494 0.015677720899176496 0.029242851389448248
0 0.876588025817939 0.1442650020136931 0.019483641219675052 0.025618203785743053
0 0.45661028266191855 0.14596858638743457 0.028277320275984865 0.018811921063229965
0 0.7630068996216337 0.1475996778091019 0.022851101713776988 0.037792992347966174
0 0.5200756732695303 0.14845348368908579 0.015415090140218118 0.04106725734997986
0 0.34896950812374805 0.15073701167942005 0.010307144446917427 0.04720499395892066
0 0.5431248608947252 0.15094240837696335 0.009848653460939239 0.016194120016109544
0 0.09712886712664144 0.15466371325010067 0.012986868462052081 0.04092227144583165
0 0.6976674827509459 0.15525976641159886 0.019808591141776095 0.04211437776882803
0 0.23654796349877585 0.15617398308497785 0.017086579123080346 0.03383004430124849
0 0.5019853104829736 0.15624244865082562 0.029592699755174718 0.021296818364881193
0 0.3905475183618963 0.15761175996778093 0.01163365234809704 0.03345952476842529
0 0.250841308702426 0.1579420056383407 0.020925884709548186 0.034224728151429726
0 0.6736746049410194 0.158598469593234 0.026007122190073447 0.01815545710833669
0 0.8135566436679279 0.1599073701167942 0.027137769864233253 0.019983890455094643
0 0.6286957489427999 0.1607611759967781 0.02956599154239929 0.02640354409987918
0 0.8394636100600935 0.16206604913411196 0.020776763854885374 0.03451469995972614
0 0.7236367683062542 0.16364075714861054 0.015949254395726684 0.029895287958115184
0 0.7920609837525039 0.16370116794200565 0.012381482305809037 0.04014498590414821
0 0.6001847318050301 0.1642931937172775 0.019732917872245716 0.025614176399516714
0 0.5593345203650123 0.16514297221103505 0.01709103049187625 0.03909786548530004
0 0.13425328288448699 0.16520338300443013 0.013409748497663031 0.028219895287958114
0 0.5716714889828622 0.1657390253725332 0.017714222123302915 0.03434152235199355
0 0.8629490318272869 0.16834877164720097 0.0221589138660138 0.03451469995972614
0 0.04763187180057868 0.16926298832057993 0.0182617404851992 0.017482883608538058
0 0.17717115513020254 0.17122432541280708 0.022931226352103273 0.03712041884816754
0 0.7514645003338526 0.17155859846959323 0.01409303360783441 0.04014095851792187
0 0.3747340307144447 0.17417237213048734 0.02212107723124861 0.04850986709625453
0 0.1558223903850434 0.1763350785340314 0.014965501891831738 0.042215062424486506
0 0.46767861117293574 0.17731776077325814 0.012101046071667038 0.04302456705598067
0 0.7647429334520365 0.1775795408779702 0.009826396616959715 0.03175996778091019
0 0.07400623191631427 0.1790817559403947 0.022328065880258176 0.03554973821989529
0 0.2050322724237703 0.1794764397905759 0.026559091920765634 0.02062424486508256
0 0.6400578677943468 0.17967780910189288 0.02160249276652571 0.036737817156665326
0 0.34546182951257515 0.18623842126459927 0.02218562207878923 0.031796214256947244
0 0.5376986423325173 0.18635118807893677 0.022439350100155797 0.045376560612162706
0 0.24425550856888495 0.18674184454289167 0.016438904963276206 0.02846959323399114
0 0.41564878700200314 0.1868787756745872 0.029712886712664144 0.021288763592428515
0 0.49072779879813044 0.18714055577929925 0.024613843756955266 0.02652436568666935
0 0.6802982417093256 0.18720499395892065 0.025882483863788115 0.03058397100281917
0 0.7812797685288226 0.1878574305275876 0.018152681949699535 0.043672976238421264
0 0.6561985310482974 0.1886427708417237 0.010678833741375472 0.03503423278292388
0 0.5199666147340307 0.191852597664116 0.01649899844202092 0.045376560612162706
0 0.3083730247050968 0.19258960934353603 0.023983975072334743 0.04213451469995973
0 0.6148430892499444 0.19479661699556988 0.026514578232806587 0.026915022150624242
0 0.2898464277765413 0.1953362867498993 0.014713999554863121 0.04291985501409585
0 0.8247006454484754 0.1971566653242046 0.024244380146895173 0.016290777285541683
0 0.5905987091030491 0.19806685461135723 0.01623191631426664 0.04759967780910189
0 0.16964389049632764 0.19846153846153844 0.025245938125973737 0.026246476037051953
0 0.22623636768306254 0.19858638743455495 0.013394168706877365 0.044708014498590416
0 0.08428221678166037 0.20408376963350786 0.02174716225239261 0.03685058397100282
0 0.4456777208991765 0.20618606524365685 0.02658134876474516 0.026129681836488117
0 0.2022101046071667 0.20729359645590015 0.026990874693968395 0.03305275875956504
0 0.9537324727353661 0.2075070479258961 0.01748052526151792 0.03172372130487314
0 0.6527999109726241 0.20894482480869914 0.02471622523926107 0.030068465565847764
0 0.7666614734030714 0.21194522754732179 0.02365012241264189 0.03057591623036649
0 0.7257734253282885 0.21502215062424485 0.020888048074782995 0.03122835279903343
0 0.48794569330069 0.2176439790575916 0.025824616069441354 0.02311316955296013
0 0.8074048519919875 0.2190817559403947 0.026990874693968395 0.01892066049134112
0 0.2506254173158246 0.21953282319774467 0.03091253060316047 0.022182843334675795
0 0.9263031382150011 0.22059202577527184 0.016541286445582015 0.04944019331453887
0 0.41120854662808815 0.22144583165525575 0.02386823948364122 0.037792992347966174
0 0.10682839973291787 0.2224204591220298 0.015094591586912974 0.045892066049134116
0 0.13443801468951702 0.22254530809504633 0.03341197418206098 0.020350382601691502
0 0.7098174938793679 0.2228755537656061 0.02674382372579568 0.026512283527990333
0 0.9406343200534165 0.2234071687474829 0.015595370576452258 0.04171566653242046
0 0.3897841086133986 0.22492549335481274 0.025926997551747162 0.020447039871123642
0 0.15621633652348096 0.22974627466774064 0.020278210549744047 0.028465565847764805
0 0.8357734253282885 0.2307329842931937 0.016866236367683064 0.03436568666935159
0 0.6433919430224795 0.23074103906564639 0.020661028266191855 0.04145388642770842
0 0.45874248831515696 0.2336770036246476 0.01651902960160249 0.0481151832460733
0 0.5665346093923882 0.2336850583971003 0.011086133986200758 0.04614176399516713
0 0.17246383262853326 0.2343254128070882 0.017740930336078344 0.04548127265404753
0 0.6075317160026708 0.23447039871123643 0.011894057422657466 0.03399113975030205
0 0.7591008235032272 0.23498590414820783 0.02111506788337414 0.035803463552154656
0 0.2057155575339417 0.23917035843737414 0.028079234364567104 0.02689085783326621
0 0.6765702203427554 0.2400926298832058 0.011046071667037615 0.04994361659283125
0 0.336777208991765 0.24063229963753524 0.013498775873581125 0.054953685058397095
0 0.0657244602715335 0.24316552557390253 0.028399732917872244 0.023093032621828435
0 0.23303805920320497 0.24339105920257753 0.021789450255953708 0.043185662505034236
0 0.4917093256176274 0.24441401530406764 0.027273536612508347 0.024023358840112766
0 0.7027954596038282 0.24689891260571886 0.022902292454929894 0.0313491743858236
0 0.5378789227687514 0.24703181635118807 0.02757622969062987 0.027688280306081354
0 0.3905430669931004 0.24704792589609342 0.02570888048074783 0.020652436568666936
0 0.3043178277320276 0.24744260974627466 0.02493879367905631 0.03557792992347966
0 0.7276563543289561 0.25207410390656465 0.024651680391720457 0.03292790978654853
0 0.12332517249054084 0.25358437374144177 0.01876919652793234 0.027555376560612164
0 0.35826841753839306 0.25463954893274265 0.0138504340084576 0.04997583568264197
0 0.8082016470064545 0.25560612162706403 0.02076786111729357 0.04012082158679017
0 0.4350055642109949 0.2577648006443818 0.01449810816826174 0.05072492952074104
0 0.15325395058980637 0.2586186065243657 0.031101713776986426 0.024152235199355616
0 0.2583663476519029 0.2626339105920258 0.0212196750500779 0.03768425291985501
0 0.4098308479857556 0.263479661699557 0.026643667927887825 0.02915827627869513
0 0.794342310260405 0.2640475231574708 0.025610950367237924 0.021659283125251713
0 0.6567037614066326 0.2700805477245268 0.019572668595593146 0.043930728956906966
0 0.8341798352993545 0.27111558598469593 0.014974404629423548 0.03893677003624648
0 0.21067438237257954 0.2751993556182038 0.017729801914088582 0.050245670559806686
0 0.11073670153572224 0.278123238018526 0.014228800356109503 0.039597261377366084
0 0.19739594925439571 0.2792589609343536 0.013463164923213889 0.04422472815142972
0 0.9275317160026707 0.2796335078534032 0.02710661028266192 0.032404349577124444
0 0.2239906521255286 0.2805678614579138 0.011936345426218563 0.049983890455094646
0 0.06742043178277321 0.28080547724526783 0.03029156465613176 0.021820378574305275
0 0.7482060983752504 0.28100281917035846 0.0158691297574004 0.04063632702376158
0 0.950042288003561 0.28107531212243253 0.013572223458713555 0.04942408376963351
0 0.47028711328733586 0.28270640354409987 0.029583797017582902 0.018123238018525976
0 0.7698442020921433 0.2838179621425695 0.024691742710883598 0.020342327829238824
0 0.31633429779657246 0.2864599275070479 0.012116625862452704 0.03505839710028191
0 0.13588025817939017 0.2901047120418848 0.0253505452926775 0.02820378574305276
0 0.6903204985533051 0.29076520338300443 0.013365234809703983 0.044450261780104715
0 0.2953839305586468 0.2910430930326218 0.022748720231471176 0.03008054772452678
0 0.5520965947028712 0.2936367297623842 0.023438682394836412 0.039198550140958514
0 0.18067660805697752 0.2937696335078534 0.016507901179612733 0.04809907370116794
0 0.810516358780325 0.294156262585582 0.012372579568217228 0.04259766411598872
0 0.23318050300467394 0.29432138542086184 0.010919207656354329 0.04663310511478051
0 0.5020209214333408 0.2950785340314136 0.029229913198308484 0.02008457511075312
0 0.24845092365902513 0.2963431333064841 0.01424438014689517 0.04932339911397503
0 0.16168039172045404 0.2963914619412002 0.021940796795014466 0.05034635521546516
0 0.5334253282884487 0.29697946033024564 0.01128644558201647 0.04445831655255739
0 0.42085911417760963 0.30090213451469994 0.02710883596705987 0.024663713250100687
0 0.15951034943245046 0.03049134111961337 0.01499443578900512 0.04475231574708015
0 0.8545515245938126 0.30436971405557794 0.012871132873358558 0.047305678614579134
0 0.7954996661473402 0.3056141763995167 0.015768973959492543 0.04743858236004833
0 0.8398263966169598 0.30607329842931935 0.012815490763409747 0.024003221908981073
0 0.5810794569330069 0.3075110753121224 0.01973959492543957 0.04338300443012485
0 0.35939016247496103 0.3131614981876762 0.020725573113732475 0.03346355215465163
0 0.47926107277987984 0.3134071687474829 0.027560649899844202 0.023745469190495368
0 0.28354996661473403 0.3143455497382199 0.012541731582461607 0.04368908578332662
0 0.12603828177164478 0.3156987515102698 0.025931448920543068 0.015759162303664923
0 0.921164032940129 0.3164277084172372 0.02681727131092811 0.030704792589609342
0 0.56233696861785 0.31759162303664923 0.016414422434898733 0.049399919452275474
0 0.20886490095704427 0.31807893677003624 0.030033385265969284 0.025231574708014497
0 0.671212997996884 0.31877970197341926 0.021377698642332518 0.034490535642368106
0 0.7551524593812597 0.32243656866693515 0.018473180503004675 0.0504430124848973
0 0.6111862897841086 0.3246637132501007 0.015297128867126643 0.04311719693918647
0 0.518268417538393 0.3261699556987515 0.02742710883596706 0.023346757954087798
0 0.3109392388159359 0.3263310511478051 0.014731805030046738 0.047821184051550544
0 0.9527197863342978 0.32677003624647605 0.020665479634987757 0.02887635924285139
0 0.3878700200311596 0.3297221103503826 0.027987981304251057 0.02652033830044301
0 0.877382595148008 0.33101490132903744 0.027553972846650343 0.03373741441804269
0 0.6318450923659026 0.3345469190495368 0.021967505007789895 0.018107128473620622
0 0.15176941909637212 0.3347482883608538 0.017280213665702204 0.04276278695126863
0 0.21819942132205652 0.3379178413209827 0.02120186957489428 0.04527184857027789
0 0.4831693745826842 0.33920257752718486 0.027560649899844202 0.020350382601691502
0 0.24298909414645004 0.34433346757954086 0.02476073892722012 0.04081755940394684
0 0.1858557756510127 0.3456423681031011 0.031618072557311375 0.01987112364075715
0 0.8181882929000668 0.3484212645992751 0.02598041397729802 0.026218284333467578
0 0.7710015579790785 0.34894482480869915 0.018032494992210105 0.038260169150221505
0 0.9655286000445137 0.34967378171566654 0.009813042510572002 0.04207410390656464
0 0.2727687513910527 0.35113975030205397 0.031789450255953706 0.0245831655255739
0 0.36713776986423324 0.35119210632299636 0.02950144669485867 0.03175191300845751
0 0.13013131537947917 0.3521627064035441 0.0191542399287781 0.03936367297623842
0 0.4356220787892277 0.3523600483286347 0.0279813042510572 0.023878372935964558
0 0.9249632762074337 0.35687474828836085 0.02486312040952593 0.03604913411196134
0 0.6098486534609393 0.35713652839307286 0.02868462052081015 0.03107933950865888
0 0.3370287113287336 0.36042690293999197 0.018559982194524816 0.04001208215867901
0 0.11059203204985532 0.36151832460732986 0.013069218784776319 0.03512283527990334
0 0.8715245938125974 0.36164317358034637 0.023245047852214557 0.03538058799838904
0 0.7044691742710883 0.3650785340314136 0.023863788114845314 0.03238421264599275
0 0.7982483863788116 0.36674989931534435 0.016071667037614066 0.047160692710430926
0 0.6664722902292455 0.3676198147402336 0.02087246828399733 0.03789770438985098
0 0.3054796349877587 0.36973016512283524 0.02919430224794124 0.019343536045106725
0 0.1864344535944803 0.36973016512283524 0.030171377698642334 0.019343536045106725
0 0.6382172267972402 0.3699597261377366 0.022902292454929894 0.03315344341522352
0 0.49557756510126866 0.3701006846556585 0.019256621411083908 0.034120016109544904
0 0.8290407300244825 0.37185662505034234 0.023516581348764744 0.036947241240434955
0 0.943454262185622 0.3729118002416432 0.02738927220120187 0.021776077325815546
0 0.2170465168039172 0.37300443012484896 0.029746271978633432 0.02117196939186468
0 0.3863832628533274 0.37881192106323 0.02752058758068106 0.032005638340716874
0 0.545188070331627 0.3805034232782924 0.014409080792343645 0.0424607329842932
0 0.24505230358335187 0.38282319774466367 0.032793233919430224 0.023527990334273056
0 0.35465168039172046 0.3837213048731373 0.01104384598263966 0.05674989931534434
0 0.45447362563988425 0.38613370922271445 0.010545292677498331 0.04272251308900524
0 0.5747496105052303 0.38645992750704794 0.014055196973069218 0.04573499798630689
0 0.287711996438905 0.38714055577929923 0.02737814377921211 0.03687877567458719
0 0.6170487424883152 0.391175996778091 0.02875806810594258 0.031594844945630286
0 0.42436901847318054 0.39182843334675793 0.018931671488982862 0.04389850986709625
0 0.7132962385933674 0.3936810310108739 0.021001557979078565 0.03566653242045912
0 0.07766080569775206 0.3954933548127265 0.02326953038059203 0.039113975030205396
0 0.5065768973959492 0.39549738219895286 0.02677943467616292 0.024522754732178815
0 0.5891853995103494 0.3957551349174386 0.010474070776763855 0.05175191300845751
0 0.17850656576897395 0.3975352396294805 0.029534831960827953 0.022315747080144985
0 0.12799688404184287 0.39974224728151425 0.030082350322724237 0.03458719291180024
0 0.47021144001780546 0.39981474023358843 0.02440240373914979 0.03787354007249295
0 0.15553082572891164 0.40100281917035846 0.0160093478744714 0.04731776077325815