0 0.2309126213592233 0.17877374784110536 0.04989320388349515 0.25015544041450777
0 0.41531067961165047 0.26476683937823836 0.06404854368932039 0.20968911917098446
0 0.25455339805825244 0.2724525043177893 0.08999029126213592 0.05234887737478411
0 0.14270873786407767 0.02910189982728843 0.11303883495145632 0.05820379965457686
0 0.026262135922330097 0.3069948186528497 0.05251456310679612 0.06663212435233161
0 0.12445631067961165 0.3092227979274611 0.12689320388349515 0.09903281519861831
0 0.5906407766990291 0.3157858376511226 0.056446601941747575 0.07398963730569949
0 0.3434757281553398 0.3616580310880829 0.08151456310679611 0.23461139896373057
0 0.09972815533980582 0.37987910189982727 0.11268932038834951 0.21348877374784112
0 0.28279611650485437 0.4032642487046632 0.04632038834951457 0.16578583765112262
0 0.5919805825242719 0.4312435233160622 0.09798058252427184 0.15395509499136442
0 0.7416019417475729 0.4516753022452504 0.09338834951456311 0.22466321243523318
0 0.5637669902912621 0.4712262521588946 0.08937864077669903 0.2351986183074266
0 0.9326796116504854 0.4921416234887737 0.1346504854368932 0.12328151986183074
0 0.956747572815534 0.5522797927461139 0.06425242718446603 0.24001727115716753
0 0.06630097087378642 0.5903108808290156 0.11170873786407767 0.20449050086355786
0 0.1866893203883495 0.5917789291882556 0.0730873786407767 0.2166839378238342
0 0.41811650485436896 0.651070811744387 0.09149514563106796 0.26842832469775474
0 0.22074757281553398 0.8327461139896374 0.08856310679611651 0.12433506044905007
0 0.7614563106796116 0.8423143350604491 0.15277669902912622 0.2133678756476684
0 0.9793300970873787 0.8728497409326424 0.041339805825242715 0.10751295336787564
0 0.587757281553398 0.9101036269430053 0.13125242718446603 0.15706390328151987
0 0.4770776699029126 0.13379965457685664 0.05377669902912621 0.2375474956822107
0 0.6452135922330098 0.13716753022452505 0.08645631067961165 0.2730397236614853
0 0.9142233009708738 0.15155440414507773 0.0589126213592233 0.29414507772020726