0 0.2379857142857143 0.16349747474747475 0.07446428571428572 0.2803661616161616
0 0.15682857142857143 0.2687121212121212 0.06807142857142857 0.27194444444444443
0 0.6655214285714286 0.32505050505050503 0.12735 0.2952651515151515
0 0.2609642857142857 0.3337878787878788 0.056499999999999995 0.20396464646464646
0 0.22377857142857144 0.43933080808080804 0.07812142857142858 0.14828282828282827
0 0.5013000000000001 0.044520202020202015 0.04615 0.08902777777777779
0 0.3663 0.48934343434343436 0.09264285714285714 0.3188888888888889
0 0.29760714285714285 0.5348358585858586 0.06294285714285715 0.24863636363636363
0 0.15059285714285714 0.5364520202020202 0.08712142857142857 0.14309343434343433
0 0.22642857142857142 0.5845328282828283 0.07830714285714285 0.1628409090909091
0 0.1674642857142857 0.6743686868686869 0.11145000000000001 0.11589646464646465
0 0.34677857142857144 0.6858712121212122 0.10355 0.11946969696969698
0 0.154 0.07025252525252525 0.13397857142857142 0.1405050505050505
0 0.2559214285714286 0.7209974747474747 0.09405 0.11719696969696969
0 0.35282142857142856 0.7907575757575758 0.0782642857142857 0.1803282828282828
0 0.07675 0.8003156565656566 0.1535 0.12172979797979798
0 0.2520928571428572 0.8475757575757575 0.12466428571428571 0.1787121212121212