0 0.07949238578680203 0.1703012048192771 0.14890862944162436 0.3406024096385542
0 0.7875465313028764 0.18954819277108434 0.14584602368866328 0.3790963855421687
0 0.24660744500846024 0.3016867469879518 0.21437394247038916 0.15816265060240964
0 0.7513620981387479 0.44631024096385546 0.13335871404399322 0.462394578313253
0 0.8973604060913706 0.5221385542168675 0.1330118443316413 0.4233132530120482
3 0.627351945854484 0.5404066265060241 0.09590524534686971 0.660632530120482
0 0.10696277495769882 0.6360692771084338 0.10260575296108292 0.44656626506024094
0 0.43551607445008456 0.73375 0.2520389170896785 0.203960843373494
0 0.2513451776649746 0.08328313253012047 0.24437394247038918 0.1665813253012048
0 0.8733587140439932 0.8492921686746987 0.2532741116751269 0.20412650602409638
0 0.4576142131979695 0.9129367469879519 0.20220812182741116 0.1741265060240964
0 0.7094331641285956 0.9581174698795182 0.11782571912013537 0.08376506024096385
0 0.9245939086294416 0.14102409638554217 0.15081218274111674 0.2820331325301205
0 0.42825719120135364 0.14102409638554217 0.21016074450084601 0.2820331325301205