0 0.18556140350877193 0.16452418096723867 0.11790350877192982 0.14613104524180967
0 0.09506140350877193 0.18780031201248049 0.07547368421052632 0.20009360374414975
0 0.47722807017543856 0.19266770670826833 0.10991228070175438 0.0702808112324493
0 0.9511491228070175 0.20644305772230892 0.06704385964912281 0.07945397815912636
0 0.32127192982456143 0.2142277691107644 0.12460526315789475 0.12257410296411855
0 0.10324561403508772 0.024617784711388455 0.04374561403508772 0.04925117004680187
0 0.528061403508772 0.025538221528861156 0.07844736842105264 0.051092043681747266
0 0.5881666666666666 0.2547581903276131 0.08100877192982456 0.07332293291731669
0 0.5247017543859649 0.25950078003120125 0.062447368421052626 0.09931357254290171
0 0.9578508771929825 0.2897971918876755 0.07849122807017545 0.1484399375975039
0 0.4427368421052632 0.305990639625585 0.09562280701754386 0.14457098283931358
0 0.6638596491228069 0.03196567862714508 0.05552631578947368 0.06393135725429017
0 0.6256666666666667 0.3127145085803432 0.08443859649122808 0.08461778471138846
0 0.5033684210526316 0.3180655226209048 0.05486842105263157 0.16321372854914198
0 0.16567543859649123 0.33121684867394696 0.0962719298245614 0.12712948517940717
0 0.6925877192982456 0.3526365054602184 0.07857017543859648 0.08918876755070203
0 0.33073684210526316 0.3673010920436817 0.05407017543859649 0.1882839313572543
0 0.4189122807017544 0.3856630265210609 0.09441228070175438 0.14790951638065522
0 0.02692982456140351 0.394399375975039 0.053850877192982455 0.13745709828393135
0 0.9376491228070176 0.39790951638065525 0.08647368421052631 0.1506084243369735
0 0.6915614035087719 0.419609984399376 0.05973684210526315 0.20845553822152887
0 0.6179298245614036 0.42817472698907955 0.06414035087719298 0.14238689547581904
0 0.5353684210526316 0.43369734789391573 0.09616666666666666 0.06070202808112324
0 0.8400175438596491 0.044352574102964115 0.05118421052631579 0.08870514820592823
0 0.2515263157894737 0.44530421216848676 0.08575438596491229 0.08733229329173166
0 0.3948245614035088 0.48934477379095165 0.07926315789473684 0.13870514820592822
0 0.7447982456140352 0.052620904836193444 0.0969561403508772 0.10522620904836194
0 0.16619298245614036 0.5194695787831514 0.06633333333333334 0.18243369734789391
0 0.7084122807017544 0.5249921996879875 0.09232456140350877 0.07081123244929798
0 0.06046491228070176 0.5260686427457097 0.12092982456140353 0.10354134165366616
0 0.9759912280701756 0.5303276131045241 0.048017543859649126 0.08120124804992199
0 0.2842894736842105 0.5390483619344774 0.1118859649122807 0.16652106084243368
3 0.5305350877192982 0.5427301092043681 0.18182456140350878 0.13811232449297972
0 0.6332456140350877 0.5434789391575663 0.03598245614035088 0.10015600624024962
0 0.29529824561403506 0.05581903276131046 0.05890350877192983 0.11165366614664586
0 0.36900877192982456 0.05765990639625585 0.0982719298245614 0.1153198127925117
0 0.8998070175438596 0.5754602184087364 0.11605263157894738 0.10936037441497659
0 0.2458421052631579 0.059953198127925114 0.10519298245614035 0.11990639625585023
0 0.6965438596491228 0.6074258970358815 0.07064912280701754 0.08765990639625584
2 0.021780701754385963 0.06087363494539782 0.043561403508771926 0.12174726989079564
0 0.448140350877193 0.6086427457098283 0.04733333333333333 0.1329173166926677
0 0.3332280701754386 0.6297503900156006 0.12856140350877193 0.09438377535101404
0 0.5277017543859649 0.6675195007800312 0.09151754385964912 0.11244929797191887
0 0.44935087719298245 0.06959438377535102 0.04384210526315789 0.13918876755070203
0 0.10014912280701754 0.7349453978159127 0.06576315789473684 0.1673946957878315
0 0.4945789473684211 0.7495007800312012 0.15052631578947367 0.1173634945397816
0 0.7123684210526317 0.7676755070202808 0.1215701754385965 0.12273010920436818
0 0.9385789473684211 0.07906396255850234 0.05303508771929825 0.1404368174726989
0 0.42389473684210527 0.8622152886115444 0.048649122807017546 0.23146645865834634
0 0.20532456140350877 0.1108736349453978 0.08404385964912281 0.08783151326053042
0 0.8739122807017544 0.1423712948517941 0.04258771929824561 0.11658346333853355
0 0.551780701754386 0.14984399375975038 0.10940350877192982 0.09475819032761311