0 0.4606822916666667 0.42184259259259255 0.01265625 0.053564814814814815
0 0.4830833333333333 0.5249166666666666 0.01786979166666667 0.04489814814814815
2 0.77496875 0.5335648148148148 0.030807291666666667 0.037814814814814815
2 0.38410937500000003 0.5440462962962963 0.01784375 0.049824074074074076
0 0.4599895833333333 0.5588703703703705 0.013348958333333332 0.03535185185185185
0 0.35371874999999997 0.5752222222222222 0.02002083333333333 0.05290740740740741
2 0.5391666666666667 0.5758425925925925 0.015458333333333333 0.04214814814814815
0 0.8706458333333333 0.5810833333333334 0.02215625 0.04981481481481481
2 0.3791614583333333 0.6063888888888889 0.019401041666666667 0.05968518518518518
0 0.887484375 0.6333981481481482 0.025416666666666664 0.051111111111111114
0 0.13667187500000003 0.8745648148148147 0.018697916666666665 0.04788888888888889