0 0.131640625 0.09781481481481481 0.027723958333333333 0.049944444444444444
0 0.20969270833333334 0.9864166666666666 0.014333333333333333 0.027157407407407404
0 0.42057812499999997 0.4243148148148148 0.03139583333333333 0.026675925925925926
0 0.41953125 0.527537037037037 0.02069270833333333 0.04087962962962963
0 0.39409374999999996 0.5405 0.016359375 0.04087962962962963
0 0.45660416666666664 0.5647314814814814 0.027411458333333336 0.020814814814814814
0 0.42247916666666663 0.584787037037037 0.023125 0.04240740740740741
0 0.3008489583333333 0.6221296296296296 0.019515624999999998 0.05042592592592593
0 0.42595312500000004 0.6235185185185185 0.02868229166666667 0.02912962962962963
0 0.388625 0.7029814814814815 0.011244791666666667 0.05287037037037037
0 0.286609375 0.8089814814814815 0.02715625 0.051916666666666667