0 0.238078125 0.35765740740740737 0.013807291666666667 0.0437037037037037
0 0.2877395833333333 0.44375 0.0209375 0.04924074074074074
0 0.0535 0.46273148148148147 0.012125 0.02237962962962963
0 0.105421875 0.47229629629629627 0.018708333333333334 0.06002777777777778
0 0.057666666666666665 0.5244537037037037 0.020458333333333335 0.04212037037037037
0 0.18207812499999998 0.5281574074074074 0.02059375 0.04212037037037037
0 0.20586979166666666 0.5377222222222222 0.025104166666666667 0.061250000000000006
2 0.4215677083333333 0.5379166666666667 0.01642708333333333 0.03751851851851852
0 0.6195572916666666 0.548675925925926 0.02584375 0.022055555555555557
0 0.45228125 0.5523055555555556 0.024385416666666666 0.02199074074074074
0 0.4356302083333333 0.5562685185185186 0.013843749999999998 0.03762037037037037
2 0.4140416666666667 0.5691203703703703 0.016546875 0.03174074074074074
0 0.27028645833333337 0.5693518518518518 0.015010416666666667 0.052287037037037035
0 0.5874375000000001 0.5764537037037037 0.027588541666666667 0.033157407407407406
2 0.447765625 0.5939444444444445 0.016796875 0.042444444444444444
0 0.4107864583333333 0.5940555555555556 0.024645833333333332 0.020398148148148148
0 0.00946875 0.5971296296296296 0.0189375 0.03376851851851852
0 0.474921875 0.6070092592592593 0.029708333333333333 0.04240740740740741
0 0.24007291666666666 0.611175925925926 0.029604166666666668 0.022962962962962963
0 0.40331770833333336 0.6201666666666666 0.027296874999999998 0.025972222222222223
0 0.31013541666666666 0.6326203703703703 0.023854166666666666 0.049185185185185186
0 0.3549375 0.6539166666666667 0.03009375 0.03622222222222222
0 0.151171875 0.6586944444444445 0.017828124999999997 0.04763888888888889
0 0.500796875 0.7048333333333333 0.013708333333333333 0.04546296296296296