0 0.25388541666666664 0.9748425925925925 0.014677083333333334 0.050305555555555555
2 0.32298958333333333 0.3301851851851852 0.028364583333333335 0.040629629629629634
0 0.38515625 0.42323148148148143 0.031385416666666666 0.028564814814814817
0 0.43072916666666666 0.4561018518518518 0.016005208333333333 0.05540740740740741
0 0.44028125 0.528462962962963 0.026020833333333333 0.027916666666666666
0 0.4227447916666666 0.5460555555555555 0.018026041666666666 0.04458333333333333
0 0.17661458333333335 0.5477500000000001 0.025281249999999998 0.049824074074074076
0 0.4613802083333333 0.5653425925925927 0.010921875 0.033157407407407406
0 0.4266510416666666 0.5891111111111111 0.02271875 0.045231481481481484
0 0.39175 0.5918796296296297 0.024177083333333335 0.030685185185185187
0 0.45443229166666665 0.6076296296296296 0.009223958333333334 0.03783333333333333
0 0.43732812499999996 0.6079351851851852 0.025723958333333335 0.029444444444444447
0 0.28530729166666663 0.6346203703703703 0.024552083333333332 0.04763888888888889
0 0.39148958333333334 0.703287037037037 0.011765625 0.05349074074074074
0 0.3481666666666667 0.7262777777777778 0.021755208333333335 0.04947222222222222