0 0.4233541666666667 0.22063888888888888 0.021328125 0.05114814814814815
0 0.2985052083333333 0.3712314814814815 0.017953125 0.056046296296296295
0 0.4316875 0.40718518518518515 0.029661458333333335 0.026101851851851852
0 0.39721875 0.424 0.019484374999999998 0.054175925925925926
0 0.4558177083333333 0.4502407407407407 0.026239583333333334 0.034083333333333334
0 0.5482864583333333 0.4911203703703703 0.0180625 0.04953703703703704
0 0.467203125 0.5046018518518519 0.019911458333333333 0.04713888888888888
0 0.47861458333333334 0.5371111111111111 0.026755208333333332 0.022574074074074073
0 0.45395833333333335 0.5446944444444445 0.019026041666666667 0.04207407407407407
0 0.479765625 0.5563703703703704 0.03095833333333333 0.020638888888888887
0 0.44020833333333337 0.5593888888888888 0.011729166666666667 0.032574074074074075
0 0.41974999999999996 0.5635925925925925 0.011567708333333334 0.036537037037037035
0 0.7557760416666667 0.5758333333333333 0.029447916666666667 0.05043518518518519
0 0.3931927083333333 0.5827407407407408 0.024479166666666666 0.03147222222222222
0 0.421109375 0.5933981481481482 0.020781249999999998 0.027407407407407408
0 0.39695312499999996 0.5946574074074075 0.026307291666666666 0.029305555555555553
0 0.43600520833333334 0.6028425925925927 0.019317708333333336 0.03844444444444445
0 0.47292708333333333 0.6100925925925925 0.019432291666666667 0.04487037037037037
0 0.45084375 0.6158518518518519 0.023786458333333333 0.03234259259259259
2 0.08006770833333333 0.663324074074074 0.023578125000000002 0.042083333333333334
0 0.39452604166666666 0.6853888888888889 0.025911458333333335 0.04362037037037037
0 0.2862604166666667 0.7431018518518518 0.035145833333333334 0.03311111111111111
0 0.19796875 0.7938611111111111 0.014859375000000001 0.04760185185185185
0 0.48013020833333336 0.8187037037037037 0.014052083333333333 0.05839814814814815
0 0.04951041666666667 0.9027962962962963 0.01803125 0.028444444444444442