0 0.08093750000000001 0.9612777777777778 0.01983333333333333 0.0509537037037037
0 0.286875 0.4081111111111111 0.020588541666666668 0.02425
0 0.15082812499999998 0.4206111111111111 0.010187499999999999 0.04368518518518519
0 0.58865625 0.4429814814814815 0.026932291666666667 0.05325
0 0.12400000000000001 0.5403518518518519 0.020541666666666666 0.031314814814814816
0 0.4489635416666667 0.5440648148148148 0.014036458333333333 0.03248148148148148
0 0.4253645833333334 0.5452407407407408 0.025458333333333336 0.034833333333333334
0 0.26464583333333336 0.5455925925925926 0.025255208333333334 0.06032407407407408
0 0.45778645833333337 0.5635462962962963 0.01915625 0.026481481481481484
2 0.403078125 0.5661111111111111 0.018390625 0.050888888888888886
0 0.3739895833333333 0.5679907407407407 0.023817708333333333 0.02436111111111111
2 0.4874791666666667 0.5703425925925926 0.02071875 0.032490740740740744
0 0.432890625 0.5884907407407408 0.021005208333333334 0.03410185185185185
2 0.40473437500000004 0.5921759259259259 0.01375 0.04276851851851852
0 0.5945572916666666 0.6554537037037037 0.010958333333333332 0.06523148148148149
0 0.3606666666666667 0.6856944444444444 0.012624999999999999 0.051638888888888894
0 0.32845833333333335 0.7508148148148148 0.015916666666666666 0.037425925925925925