0 0.11905208333333334 0.4702962962962963 0.02477604166666667 0.043055555555555555
2 0.22063020833333333 0.47430555555555554 0.027869791666666664 0.03997222222222222
2 0.4576458333333333 0.5354074074074074 0.018427083333333334 0.04736111111111111
0 0.4164895833333333 0.5449722222222223 0.0153125 0.04056481481481482
2 0.48725 0.5466759259259258 0.023083333333333334 0.042111111111111106
0 0.4356770833333333 0.5661111111111111 0.009229166666666667 0.03655555555555555
0 0.42413020833333337 0.5844814814814815 0.012531249999999999 0.035972222222222225
0 0.440890625 0.6074722222222223 0.011609375 0.03875925925925926
2 0.4517447916666667 0.6083888888888889 0.019770833333333335 0.054435185185185184
2 0.6472552083333334 0.6943425925925926 0.030869791666666667 0.03559259259259259
2 0.17183854166666668 0.7717962962962963 0.023369791666666664 0.04976851851851852