0 0.7020416666666667 0.9353611111111112 0.026619791666666667 0.043555555555555556
0 0.30301562499999996 0.2738703703703703 0.03184375 0.02984259259259259
0 0.2484947916666667 0.34500000000000003 0.02421875 0.05173148148148148
0 0.4099791666666667 0.3672222222222222 0.017921874999999997 0.05542592592592593
0 0.267078125 0.4366574074074074 0.020395833333333332 0.023935185185185188
0 0.30171875 0.4718333333333333 0.025072916666666667 0.057249999999999995
0 0.3063177083333333 0.48479629629629634 0.025244791666666665 0.035027777777777776
0 0.2793177083333333 0.501925925925926 0.013619791666666665 0.05631481481481482
0 0.29207812499999997 0.506712962962963 0.012052083333333333 0.047064814814814816
2 0.1905 0.5397314814814814 0.021458333333333336 0.055999999999999994
2 0.41779687499999996 0.5591666666666667 0.020630208333333334 0.05414814814814815
0 0.442796875 0.5690555555555556 0.014786458333333334 0.04461111111111111
0 0.530921875 0.574138888888889 0.03125520833333333 0.019268518518518518
0 0.5283177083333334 0.6094722222222222 0.017713541666666666 0.028824074074074075
0 0.23851041666666667 0.6108611111111111 0.018145833333333337 0.04826851851851852
0 0.40320833333333334 0.6116296296296296 0.021046875 0.044259259259259255
0 0.41492708333333334 0.6249074074074074 0.017395833333333333 0.04487037037037037
0 0.34339062499999995 0.6732037037037036 0.025057291666666665 0.042083333333333334
0 0.5377760416666667 0.8733240740740741 0.016489583333333332 0.056527777777777774
0 0.330109375 0.8830462962962964 0.013083333333333334 0.051898148148148145
0 0.128078125 0.9166851851851852 0.020265625 0.03769444444444445