0 0.7049947916666667 0.9685277777777778 0.030442708333333336 0.04508333333333333
0 0.10585416666666667 0.17974074074074076 0.016796875 0.052703703703703704
0 0.08388541666666667 0.2477962962962963 0.024270833333333335 0.04990740740740741
0 0.28530729166666663 0.2595185185185185 0.03184895833333333 0.051138888888888887
0 0.2204583333333333 0.449 0.014494791666666666 0.056027777777777774
0 0.06409375 0.49899074074074073 0.020109375 0.033796296296296297
0 0.36084375 0.5002222222222222 0.027557291666666664 0.11402777777777778
0 0.004260416666666667 0.5415833333333333 0.008520833333333333 0.018064814814814815
2 0.46207291666666667 0.5597962962962963 0.017515625 0.02609259259259259
0 0.4233541666666667 0.5841759259259259 0.02549479166666667 0.03288888888888889
0 0.44453645833333333 0.5942037037037037 0.015776041666666667 0.05541666666666667
0 0.21958333333333335 0.5978981481481481 0.02475 0.051972222222222225
0 0.029453125 0.6113240740740741 0.019598958333333336 0.047342592592592596
0 0.3292395833333333 0.6860092592592593 0.0289375 0.026333333333333334
2 0.3358333333333333 0.7961759259259259 0.026625 0.05408333333333333
0 0.18416145833333333 0.8151574074074074 0.022677083333333334 0.05685185185185185