0 0.35423958333333333 0.15428703703703703 0.02314583333333333 0.05177777777777778
0 0.4356770833333333 0.19193518518518518 0.016520833333333332 0.04560185185185185
0 0.19875 0.19440740740740742 0.022671875 0.05053703703703703
0 0.45443229166666665 0.22803703703703704 0.014432291666666668 0.05485185185185185
0 0.30258333333333337 0.3460833333333333 0.015000000000000001 0.055740740740740743
0 0.3109166666666667 0.4044074074074074 0.0275 0.031657407407407405
0 0.37803125000000004 0.40718518518518515 0.016104166666666666 0.044620370370370366
0 0.40303645833333335 0.42693518518518514 0.014026041666666666 0.05449074074074074
0 0.6384895833333334 0.4304814814814815 0.030765625 0.026407407407407407
0 0.4398489583333333 0.4497685185185185 0.018901041666666667 0.0495462962962963
0 0.41753124999999996 0.4561018518518518 0.016354166666666666 0.04087962962962963
0 0.44154166666666667 0.5152314814814816 0.01284375 0.04111111111111111
2 0.3840052083333333 0.5306018518518518 0.021281249999999998 0.05473148148148148
0 0.4492083333333333 0.5506388888888889 0.02744791666666667 0.026055555555555557
0 0.4226875 0.5576944444444444 0.011510416666666667 0.03367592592592592
0 0.48785416666666664 0.5580092592592593 0.024697916666666667 0.035398148148148144
0 0.006864583333333333 0.5898796296296297 0.013729166666666666 0.039629629629629626
0 0.45175 0.5919166666666666 0.019874999999999997 0.027157407407407404
0 0.41168229166666664 0.6191666666666668 0.03332291666666667 0.030314814814814815
0 0.07511979166666666 0.06725925925925925 0.030348958333333335 0.03699074074074074
0 0.3829739583333333 0.6811111111111111 0.018744791666666667 0.05533333333333333
0 0.32507291666666666 0.7002037037037038 0.0289375 0.02139814814814815
2 0.503921875 0.7375462962962962 0.022046875 0.06274074074074075