0 0.4205729166666667 0.9569537037037037 0.012645833333333334 0.06082407407407407
0 0.013895833333333333 0.4121296296296296 0.027791666666666666 0.02327777777777778
0 0.4316875 0.48865740740740743 0.024453125000000003 0.044592592592592586
0 0.38810416666666664 0.49590740740740746 0.01896875 0.04984259259259259
0 0.7684531250000001 0.5131851851851852 0.016942708333333334 0.05477777777777777
0 0.427953125 0.5550092592592593 0.028447916666666666 0.04025925925925926
0 0.46103124999999995 0.564425925925926 0.010223958333333333 0.027944444444444445
0 0.42334895833333336 0.5729074074074074 0.015135416666666667 0.03875
0 0.48317187500000003 0.5735185185185185 0.026380208333333332 0.04025
0 0.40946354166666665 0.5931203703703705 0.013333333333333334 0.05573148148148148
0 0.48898958333333337 0.6239814814814815 0.028640625 0.031046296296296298
0 0.34981249999999997 0.6485092592592593 0.032 0.030972222222222224
0 0.33757291666666667 0.8080555555555556 0.024192708333333333 0.05006481481481481