0 0.032578125 0.3308055555555555 0.030015625 0.06037962962962962
0 0.2589166666666667 0.3496296296296296 0.020052083333333335 0.038768518518518515
2 0.35051041666666666 0.03639814814814815 0.018354166666666668 0.04934259259259259
0 0.05454166666666667 0.396537037037037 0.016291666666666666 0.05110185185185185
0 0.57215625 0.5074814814814815 0.014395833333333333 0.048907407407407406
0 0.39296875 0.5386481481481482 0.02721875 0.04087962962962963
0 0.06409375 0.5408148148148149 0.024276041666666668 0.03038888888888889
0 0.321421875 0.5681203703703704 0.02003125 0.03500925925925926
0 0.420875 0.5747962962962962 0.016661458333333334 0.02775
0 0.45478124999999997 0.5758796296296297 0.023104166666666665 0.04148148148148148
0 0.48567187500000003 0.5843055555555555 0.020677083333333336 0.03762962962962963
2 0.38253645833333333 0.5845462962962963 0.018817708333333336 0.04292592592592592
2 0.39821875 0.588824074074074 0.023765625000000002 0.03510185185185185
0 0.4128125 0.6107962962962963 0.016791666666666667 0.0424537037037037
0 0.124171875 0.6120925925925925 0.024953125 0.05073148148148148
0 0.4301875 0.6128425925925925 0.027708333333333335 0.022462962962962966
0 0.2662083333333333 0.6301481481481481 0.020046875000000002 0.0479537037037037
0 0.38277083333333334 0.6502777777777777 0.020135416666666666 0.03796296296296296
0 0.35567187499999997 0.6643611111111111 0.018244791666666666 0.04156481481481482
0 0.3123125 0.7025185185185185 0.016953125 0.05009259259259259
0 0.253359375 0.8187037037037037 0.014677083333333334 0.05099074074074074
0 0.08761979166666665 0.9177685185185186 0.01992708333333333 0.0342962962962963