2 0.32724479166666665 0.1150925925925926 0.023901041666666668 0.06228703703703704
0 0.2794010416666667 0.23884259259259258 0.03115625 0.03941666666666667
0 0.13250520833333332 0.24778703703703706 0.021479166666666667 0.04990740740740741
0 0.26394791666666667 0.3428425925925926 0.02664583333333333 0.04000925925925926
0 0.053760416666666665 0.34500000000000003 0.02722916666666667 0.04802777777777777
0 0.13406770833333334 0.4773888888888889 0.015572916666666665 0.023925925925925927
0 0.155859375 0.5172037037037037 0.020947916666666667 0.04798148148148148
0 0.4531458333333333 0.5297592592592593 0.019432291666666667 0.03822222222222222
0 0.43350000000000005 0.5302407407407407 0.019052083333333334 0.05218518518518518
0 0.4897604166666667 0.5472777777777778 0.028046875000000002 0.02485185185185185
0 0.4369895833333333 0.5669074074074074 0.020848958333333334 0.024027777777777776
0 0.4097239583333333 0.5709444444444445 0.025244791666666665 0.03690740740740741
0 0.5365625 0.6082407407407407 0.024833333333333332 0.02636111111111111
0 0.3593645833333333 0.6289166666666667 0.03477604166666667 0.02697222222222222
0 0.3015416666666667 0.6341574074074074 0.015000000000000001 0.05226851851851852
0 0.2415520833333333 0.6736666666666666 0.01727604166666667 0.03498148148148148
0 0.40173437500000003 0.6802962962962963 0.020874999999999998 0.04639814814814815
0 0.6997864583333333 0.8079074074074074 0.034604166666666665 0.029388888888888888