0 0.2976354166666667 0.9631296296296297 0.015526041666666665 0.05465740740740741
0 0.5096458333333334 0.13098148148148148 0.014416666666666666 0.055185185185185184
0 0.095 0.25273148148148145 0.027046875 0.05977777777777778
0 0.33080208333333333 0.370462962962963 0.02628125 0.019324074074074073
0 0.35876562500000003 0.3867037037037037 0.029979166666666668 0.015583333333333331
0 0.33122395833333335 0.406 0.019921875 0.04064814814814815
0 0.36680729166666665 0.4091666666666666 0.019119791666666667 0.024175925925925927
0 0.33788541666666666 0.4238240740740741 0.013359375 0.04287037037037037
0 0.42916666666666664 0.4628888888888889 0.020171875 0.0245462962962963
0 0.47926041666666663 0.46844444444444444 0.02796875 0.04212037037037037
0 0.3339635416666667 0.47100000000000003 0.029765625 0.026129629629629628
0 0.39866666666666667 0.5371944444444444 0.025583333333333333 0.026675925925925926
0 0.4180052083333334 0.5609351851851851 0.014812500000000001 0.02474074074074074
0 0.44399479166666667 0.5613518518518519 0.017828124999999997 0.03572222222222222
0 0.564171875 0.574138888888889 0.024125 0.025166666666666667
2 0.4264427083333333 0.5771296296296295 0.014098958333333333 0.037981481481481484
0 0.39739583333333334 0.5835370370370371 0.029255208333333334 0.021314814814814814
0 0.5968125000000001 0.5940462962962964 0.021338541666666665 0.06462962962962962
0 0.46536979166666664 0.6318518518518518 0.030057291666666666 0.03468518518518519
0 0.10906770833333333 0.6682592592592593 0.021833333333333333 0.04825
0 0.49436979166666667 0.6687222222222222 0.0220625 0.0769537037037037
0 0.165671875 0.9177685185185186 0.021119791666666665 0.052814814814814814
0 0.27132812500000003 0.9206944444444445 0.015010416666666667 0.053120370370370366