0 0.49628125 0.9680648148148148 0.011973958333333333 0.04971296296296296
0 0.39945833333333336 0.41131481481481486 0.028187499999999997 0.023472222222222224
0 0.42266666666666663 0.42688888888888893 0.025338541666666665 0.031240740740740743
2 0.17713541666666668 0.4963703703703704 0.02423958333333333 0.048916666666666664
0 0.45558333333333334 0.4991296296296296 0.024401041666666668 0.047574074074074074
0 0.4524270833333333 0.5597314814814814 0.029447916666666667 0.030722222222222224
0 0.41280208333333335 0.5601481481481482 0.020281249999999997 0.023148148148148147
0 0.43284895833333337 0.5682962962962963 0.024859375 0.0245462962962963
0 0.5177083333333333 0.571712962962963 0.011677083333333334 0.035111111111111114
0 0.3905416666666667 0.5781111111111111 0.02423958333333333 0.03858333333333334
0 0.421953125 0.5987314814814815 0.018234375 0.04474074074074074
2 0.0825 0.616111111111111 0.01975 0.043944444444444446
0 0.29692708333333334 0.6259444444444444 0.023953125000000002 0.0452962962962963
0 0.429375 0.6629814814814815 0.016651041666666665 0.045287037037037035
0 0.23244270833333333 0.6855648148148148 0.02128645833333333 0.04837037037037037
0 0.17453125 0.8131481481481482 0.021114583333333332 0.03247222222222222
2 0.2181145833333333 0.8359814814814815 0.018140625 0.05715740740740741