0 0.3077083333333333 0.98225 0.017255208333333334 0.03549074074074074
0 0.0040104166666666665 0.042888888888888886 0.008020833333333333 0.03398148148148149
0 0.46120833333333333 0.49236111111111114 0.02723958333333333 0.03348148148148148
0 0.4202291666666667 0.528 0.02861979166666667 0.03625
0 0.4205729166666667 0.5619537037037037 0.014729166666666666 0.02266666666666667
0 0.005302083333333333 0.5766111111111111 0.010604166666666666 0.024203703703703703
0 0.510515625 0.5894166666666667 0.024140625000000002 0.051666666666666666
0 0.26898958333333334 0.6159537037037037 0.017614583333333333 0.04549074074074074
0 0.261 0.6463518518518518 0.023171875 0.04887037037037037
0 0.39131770833333335 0.6702685185185185 0.030171875 0.020787037037037038
0 0.33409895833333336 0.6841574074074074 0.02071875 0.04485185185185185
0 0.39869791666666665 0.701287037037037 0.023057291666666667 0.04022222222222222
0 0.038572916666666665 0.7086851851851852 0.015942708333333333 0.029111111111111112
0 0.40581249999999996 0.8728611111111112 0.021046875 0.0574537037037037