0 0.11522916666666667 0.26260185185185186 0.023046875 0.04249074074074074
0 0.449484375 0.2979444444444444 0.026713541666666667 0.04340740740740741
0 0.41328125 0.4345 0.0324375 0.027018518518518518
0 0.177046875 0.4582685185185185 0.014 0.04396296296296296
0 0.34798958333333335 0.46782407407407406 0.025234375 0.04923148148148148
0 0.45816666666666667 0.4928240740740741 0.019078125 0.04737037037037037
0 0.19796875 0.5283148148148149 0.02527604166666667 0.02237962962962963
0 0.42769270833333334 0.5286203703703704 0.01583333333333333 0.055999999999999994
0 0.465765625 0.5374907407407408 0.015125 0.03525925925925926
0 0.5480520833333333 0.5385000000000001 0.021421875 0.032916666666666664
0 0.2511875 0.5428148148148149 0.017796875 0.02884259259259259
2 0.530046875 0.5525277777777778 0.029979166666666668 0.031518518518518515
0 0.44583333333333336 0.5627962962962964 0.034609375000000005 0.014712962962962964
0 0.4530885416666666 0.5841018518518519 0.013354166666666667 0.035166666666666666
0 0.43366666666666664 0.5917962962962963 0.015734375000000002 0.05473148148148148
0 0.52484375 0.592287037037037 0.024276041666666668 0.025518518518518517
0 0.49002083333333335 0.6353518518518518 0.027203124999999998 0.0427037037037037
0 0.546984375 0.7684074074074074 0.033171874999999997 0.02816666666666667
0 0.36222916666666666 0.8703981481481481 0.01758854166666667 0.05251851851851852