0 0.7987552083333332 0.9560277777777778 0.023703125 0.06638888888888889
0 0.3667447916666667 0.20397222222222222 0.018973958333333332 0.05485185185185185
0 0.23686458333333332 0.3875925925925926 0.024572916666666667 0.051722222222222225
0 0.7969322916666666 0.40425 0.017447916666666667 0.06652777777777777
0 0.34147916666666667 0.4088888888888889 0.028880208333333334 0.03161111111111111
0 0.44149479166666666 0.41197222222222224 0.028848958333333334 0.04122222222222222
0 0.33965625 0.4325 0.012270833333333333 0.038092592592592595
0 0.32810937500000004 0.43573148148148144 0.010359375 0.040601851851851854
0 0.24832291666666664 0.44004629629629627 0.020401041666666668 0.04924074074074074
0 0.3579791666666667 0.456712962962963 0.02078645833333333 0.038120370370370374
0 0.32724479166666665 0.46350925925925923 0.017651041666666666 0.025777777777777778
0 0.6235520833333333 0.5438981481481481 0.0199375 0.04396296296296296
0 0.44801041666666663 0.5517592592592593 0.022723958333333336 0.06155555555555556
0 0.415625 0.5613333333333334 0.023583333333333335 0.030416666666666668
0 0.4528697916666667 0.5778518518518518 0.02203125 0.05109259259259259
0 0.30632291666666667 0.5940462962962964 0.012260416666666666 0.04611111111111111
0 0.4129322916666667 0.5996018518518519 0.01923958333333333 0.04276851851851852
0 0.28339583333333335 0.6332314814814815 0.019 0.05042592592592593
0 0.4168385416666667 0.672425925925926 0.030244791666666666 0.03621296296296296
0 0.10255208333333334 0.8492592592592593 0.029645833333333333 0.045425925925925925
0 0.04030729166666667 0.8517222222222223 0.011484375 0.06147222222222222