0 0.2792291666666667 0.2700092592592593 0.027338541666666667 0.04989814814814815
0 0.12486458333333333 0.293 0.0235625 0.04958333333333333
0 0.358671875 0.32355555555555554 0.017416666666666667 0.051425925925925924
2 0.30336979166666667 0.3483981481481481 0.020942708333333334 0.054814814814814816
0 0.44201562499999997 0.4076574074074074 0.013223958333333334 0.04148148148148148
0 0.44470833333333337 0.4499351851851852 0.015130208333333334 0.04951851851851852
0 0.17991145833333333 0.45810185185185187 0.013609375 0.05386111111111111
0 0.5482864583333333 0.46073148148148146 0.0180625 0.053842592592592595
0 0.39279166666666665 0.4852592592592593 0.012286458333333333 0.048916666666666664
2 0.44890104166666667 0.5573703703703704 0.023984375 0.03112962962962963
0 0.461265625 0.5601574074074074 0.015088541666666667 0.028925925925925924
0 0.41428645833333333 0.5603796296296296 0.01903125 0.04006481481481482
2 0.4254947916666667 0.5770740740740741 0.0248125 0.03375
2 0.388078125 0.5881296296296296 0.025942708333333335 0.027620370370370368
0 0.5240572916666667 0.605462962962963 0.021010416666666667 0.03562037037037037
0 0.4783072916666667 0.6080833333333333 0.017723958333333335 0.04641666666666667
0 0.35146875000000005 0.6443425925925926 0.02547395833333333 0.028203703703703703
0 0.44054166666666666 0.644962962962963 0.020291666666666666 0.029435185185185186
0 0.383765625 0.7596111111111111 0.015062500000000001 0.05687037037037037
0 0.258828125 0.8708611111111111 0.009989583333333333 0.04788888888888889
0 0.285046875 0.9063518518518519 0.022994791666666667 0.052203703703703704