2 0.457984375 0.5532962962962963 0.018234375 0.024231481481481482
0 0.44041145833333334 0.5558703703703703 0.014697916666666666 0.026907407407407408
0 0.41180729166666663 0.5665277777777779 0.014458333333333333 0.026509259259259257
0 0.4261979166666666 0.5715185185185185 0.016489583333333332 0.02825925925925926
0 0.5224947916666667 0.5729074074074074 0.017885416666666668 0.053564814814814815
0 0.33288541666666666 0.5767592592592592 0.017942708333333335 0.03376851851851852
0 0.4424375 0.5778981481481481 0.011125 0.027842592592592592
0 0.4281666666666667 0.5994074074074074 0.016953125 0.04287962962962963
0 0.31821354166666665 0.6076296296296296 0.01834375 0.04894444444444444
0 0.3808125 0.623675925925926 0.02999479166666667 0.024259259259259258
0 0.29234374999999996 0.6687222222222222 0.027015624999999998 0.03250925925925926