0 0.22123958333333332 0.4315648148148148 0.022307291666666666 0.03782407407407407
2 0.14944270833333334 0.43974074074074077 0.019338541666666667 0.037509259259259256
0 0.44660937500000003 0.5268333333333334 0.012583333333333334 0.038120370370370374
0 0.41668229166666665 0.5502962962962964 0.009140625000000001 0.027444444444444445
0 0.4632864583333333 0.5535277777777777 0.013385416666666667 0.024694444444444446
0 0.42872916666666666 0.5602314814814814 0.024885416666666667 0.021175925925925928
0 0.39551041666666664 0.5641296296296296 0.010796875000000001 0.04762037037037037
0 0.43997395833333336 0.5796944444444445 0.01975 0.03600925925925926
0 0.3947864583333333 0.5811111111111111 0.024380208333333334 0.045620370370370374
2 0.44704166666666667 0.5856388888888889 0.021036458333333334 0.03611111111111111
0 0.4067239583333333 0.6036666666666667 0.014630208333333334 0.03819444444444445
0 0.2912135416666667 0.06663888888888889 0.014828125 0.04687037037037037
2 0.054546875 0.8014259259259259 0.025661458333333335 0.034944444444444445