0 0.5089583333333334 0.14024074074074075 0.015447916666666667 0.06628703703703705
2 0.39522395833333335 0.027620370370370368 0.017151041666666665 0.05525
0 0.18181770833333333 0.3116759259259259 0.0249375 0.05421296296296296
0 0.08015625 0.3649074074074074 0.0130625 0.04524074074074074
0 0.4575833333333333 0.5411851851851852 0.018609374999999997 0.04899074074074074
0 0.45321874999999995 0.5666018518518519 0.02569270833333333 0.02160185185185185
0 0.41362499999999996 0.5675 0.025213541666666665 0.04118518518518518
0 0.49306249999999996 0.5680648148148149 0.016734375000000003 0.04402777777777778
0 0.5144947916666667 0.5704074074074074 0.019203124999999998 0.042851851851851856
0 0.39505208333333336 0.5715185185185185 0.025135416666666667 0.02327777777777778
0 0.09066145833333333 0.5727500000000001 0.016973958333333334 0.029453703703703704
2 0.16046354166666665 0.6358611111111111 0.019036458333333332 0.046407407407407404
0 0.286875 0.7039074074074074 0.022671875 0.026333333333333334
0 0.20994791666666668 0.827962962962963 0.017979166666666668 0.04728703703703704
0 0.12365104166666667 0.8575925925925927 0.023911458333333333 0.036166666666666666