2 0.008947916666666667 0.15166666666666667 0.017895833333333333 0.04468518518518518
0 0.347125 0.4327962962962963 0.02304166666666667 0.04399074074074074
0 0.44609895833333335 0.4615 0.014734375 0.04953703703703704
0 0.3452135416666666 0.4795555555555555 0.021302083333333333 0.043055555555555555
0 0.18043229166666666 0.5113333333333333 0.020770833333333336 0.05107407407407407
0 0.27436979166666664 0.5179722222222222 0.025447916666666667 0.02175
2 0.42473958333333334 0.5503796296296296 0.022020833333333333 0.023592592592592592
0 0.5487135416666666 0.5528425925925926 0.023781249999999997 0.03593518518518519
0 0.4609479166666667 0.5585555555555556 0.020468749999999997 0.028564814814814817
0 0.4373958333333333 0.561037037037037 0.021052083333333336 0.02287037037037037
0 0.16819270833333333 0.5619537037037037 0.020380208333333334 0.04399074074074074
0 0.3353177083333333 0.5672037037037038 0.022338541666666666 0.029796296296296296
0 0.4119791666666667 0.5672037037037038 0.01836979166666667 0.02609259259259259
0 0.43211979166666664 0.5972870370370371 0.016989583333333332 0.049249999999999995
0 0.44740104166666667 0.5997592592592592 0.019125 0.03690740740740741
2 0.32819791666666664 0.6227407407407407 0.02315625 0.04425
0 0.37230208333333337 0.6383333333333333 0.025479166666666667 0.03012037037037037
2 0.24702083333333333 0.6407962962962962 0.02265625 0.05258333333333333
0 0.27975 0.6539074074074074 0.020041666666666666 0.054740740740740736
0 0.3129166666666666 0.7147037037037037 0.020380208333333334 0.035583333333333335
0 0.6573229166666666 0.7847592592592593 0.03260416666666667 0.038657407407407404
0 0.43133854166666663 0.9100462962962963 0.03145833333333333 0.05590740740740741