0 0.0032291666666666666 0.3587314814814815 0.0064531250000000005 0.047712962962962964
0 0.36251041666666667 0.4330185185185185 0.023765625000000002 0.040018518518518516
0 0.570859375 0.4371203703703703 0.017374999999999998 0.05633333333333334
0 0.051333333333333335 0.4451481481481481 0.021677083333333333 0.03164814814814815
0 0.5993333333333334 0.48557407407407405 0.0285 0.04583333333333333
0 0.3622239583333334 0.5246203703703703 0.026583333333333334 0.02353703703703704
0 0.42014583333333333 0.5400462962962963 0.009119791666666667 0.052
2 0.26169791666666664 0.5435833333333334 0.020234375000000002 0.04334259259259259
0 0.4153541666666667 0.5482685185185185 0.032692708333333334 0.027537037037037037
0 0.4273020833333333 0.58075 0.016484375 0.03500925925925926
0 0.38133854166666664 0.5866574074074075 0.021119791666666665 0.05739814814814815
0 0.34547395833333333 0.600287037037037 0.029255208333333334 0.02451851851851852
2 0.39544270833333334 0.6106203703703704 0.018635416666666668 0.05361111111111111
0 0.40784895833333334 0.6162314814814814 0.029010416666666667 0.02150925925925926
0 0.19727604166666665 0.6199629629629629 0.02041666666666667 0.027592592592592592
2 0.30675 0.658537037037037 0.02333333333333333 0.04548148148148148
0 0.32628645833333336 0.7471111111111111 0.016557291666666665 0.03373148148148148
2 0.24520312500000002 0.8231759259259259 0.02335416666666667 0.05067592592592592
0 0.43220833333333336 0.8892222222222222 0.016119791666666668 0.04572222222222223