0 0.5590468749999999 0.939675925925926 0.02499479166666667 0.02997222222222222
0 0.24528645833333332 0.9716203703703703 0.021270833333333336 0.036444444444444446
0 0.16532291666666668 0.13361111111111112 0.01972916666666667 0.051166666666666666
0 0.4315104166666667 0.27278703703703705 0.026942708333333332 0.05175
0 0.125390625 0.39808333333333334 0.012901041666666667 0.04677777777777778
0 0.48751041666666667 0.5326296296296297 0.017354166666666667 0.045509259259259256
0 0.32863020833333334 0.5386481481481482 0.029578125 0.037175925925925925
2 0.45825520833333333 0.557787037037037 0.018213541666666666 0.027296296296296298
0 0.41848958333333336 0.5616481481481482 0.013682291666666667 0.029796296296296296
0 0.12625520833333334 0.5644166666666667 0.024953125 0.03871296296296296
0 0.44063020833333333 0.5653518518518519 0.013171875 0.0335
0 0.5615677083333334 0.5739814814814814 0.016505208333333334 0.039324074074074074
0 0.40624479166666666 0.5938888888888889 0.020177083333333335 0.03654629629629629
0 0.43550520833333334 0.59975 0.03145833333333333 0.026046296296296297
0 0.240078125 0.6097777777777778 0.014151041666666668 0.06647222222222222
0 0.38011458333333337 0.6841574074074074 0.029734375 0.026333333333333334
0 0.350421875 0.6869351851851851 0.020369791666666668 0.05040740740740741
0 0.45130729166666667 0.6906388888888889 0.016520833333333332 0.05781481481481481
0 0.2785364583333333 0.7285925925925926 0.022473958333333332 0.026324074074074073
0 0.476484375 0.8507962962962963 0.014078125 0.05962037037037037
0 0.29390104166666664 0.8646851851851852 0.021947916666666668 0.05036111111111111