0 0.24797395833333333 0.253037037037037 0.02109375 0.05299074074074074
0 0.060098958333333334 0.3809537037037037 0.017677083333333333 0.04400925925925926
0 0.37629687500000003 0.3875925925925926 0.025828125 0.02086111111111111
0 0.2259270833333333 0.5150462962962963 0.018140625 0.036259259259259255
0 0.48950520833333333 0.5301574074074075 0.02136979166666667 0.05909259259259259
0 0.092484375 0.5363333333333333 0.020619791666666668 0.03439814814814815
0 0.4282916666666667 0.5402962962962963 0.012822916666666666 0.0437037037037037
2 0.41328125 0.554537037037037 0.021479166666666667 0.022166666666666668
0 0.44079687500000003 0.56125 0.013609375 0.030037037037037036
0 0.5343958333333333 0.5752222222222222 0.01944791666666667 0.04337962962962963
0 0.5602604166666667 0.5792407407407408 0.020479166666666666 0.050166666666666665
0 0.40015104166666665 0.5804074074074075 0.027046875 0.03153703703703704
2 0.440375 0.5878796296296296 0.02253125 0.0347962962962963
0 0.4120729166666666 0.5899074074074074 0.021807291666666666 0.03283333333333333
0 0.22279687499999998 0.5951203703703704 0.015197916666666667 0.05012037037037037
0 0.40835937499999997 0.6181481481481482 0.020010416666666666 0.038935185185185184
0 0.35111458333333334 0.6353981481481482 0.016895833333333332 0.04733333333333333
0 0.325765625 0.6552962962962964 0.021765625 0.04455555555555556
0 0.36240104166666665 0.6628611111111111 0.01932291666666667 0.054120370370370374
0 0.07416666666666667 0.8386111111111112 0.010453125 0.01487962962962963
0 0.17886979166666667 0.8918425925925927 0.0280625 0.04541666666666666