0 0.539389 0.678017 0.0291702 0.0355879
0 0.0877865 0.484037 0.029329 0.0524091
0 0.565116 0.656015 0.0290594 0.0528389
0 0.437279 0.47934 0.0313864 0.0475152
0 0.635931 0.34038 0.0174491 0.0604777
0 0.515109 0.410466 0.0280794 0.040827
0 0.79473 0.315389 0.0341185 0.0354708
0 0.784796 0.422596 0.0287607 0.0447768
0 0.19175 0.378482 0.0292076 0.0533925
0 0.638727 0.489354 0.0193263 0.0613274
0 0.659707 0.440761 0.0162542 0.0563585
0 0.592878 0.231005 0.0309525 0.0447827
0 0.509073 0.271624 0.0310793 0.0520697
0 0.561636 0.598193 0.0233612 0.0505919
0 0.661947 0.366127 0.0342371 0.0382841
0 0.294205 0.380586 0.0389646 0.0415342
0 0.615637 0.401895 0.0272717 0.0401557
0 0.765125 0.368945 0.0285734 0.0421951
0 0.492762 0.22675 0.0370831 0.0409158
0 0.337875 0.543947 0.0319931 0.0437791
0 0.488681 0.429128 0.0164886 0.0569603
0 0.383574 0.949245 0.0145984 0.0633272
0 0.621526 0.791929 0.0254177 0.0446868
0 0.708645 0.569782 0.0284484 0.0296277
0 0.420904 0.575411 0.0268643 0.0602416
0 0.552806 0.528476 0.0255334 0.0539831
0 0.306326 0.458565 0.0234487 0.0598421
0 0.49601 0.3351 0.0350072 0.0385285
0 0.49536 0.838283 0.0158179 0.0538866
0 0.142252 0.71816 0.034809 0.030681
0 0.673251 0.624544 0.0270231 0.0408602
0 0.742139 0.305815 0.0229586 0.0525388
0 0.435232 0.637233 0.0298193 0.0468269
0 0.818141 0.34488 0.0318692 0.0418298
0 0.185764 0.732412 0.0305807 0.0431564
0 0.403816 0.464117 0.0330973 0.0382459
0 0.558848 0.71273 0.0285456 0.0360062
0 0.395834 0.641364 0.0186415 0.0558065
0 0.593956 0.64016 0.0234084 0.0461299
0 0.279625 0.215491 0.0155785 0.0574405
0 0.51549 0.843284 0.0162854 0.0645128
0 0.138067 0.46792 0.0281872 0.0478616
0 0.323517 0.489722 0.0175746 0.0655295
0 0.764542 0.517498 0.0298078 0.0358778
0 0.256145 0.178659 0.0352481 0.0516074
0 0.290136 0.269454 0.0286206 0.0278241
0 0.67199 0.585733 0.0351932 0.0395356
0 0.399958 0.412103 0.028461 0.0435508
0 0.369859 0.154153 0.0178436 0.0605718
0 0.122152 0.502671 0.0272674 0.030797
0 0.766643 0.407374 0.027823 0.0350248
0 0.533721 0.954521 0.0270125 0.0570934
0 0.519623 0.514433 0.0188796 0.059915
0 0.953839 0.0948788 0.0180574 0.0583861
0 0.532288 0.725546 0.0165808 0.0543587
0 0.355071 0.328192 0.0271989 0.0484499
0 0.485074 0.518098 0.0331761 0.0344426
0 0.678441 0.192621 0.0152915 0.0468954
0 0.624231 0.440007 0.0322403 0.0313231
0 0.41681 0.679543 0.0170018 0.0553129
0 0.802846 0.463346 0.022072 0.042358
0 0.353317 0.490856 0.0374139 0.0411711
0 0.690899 0.374405 0.0184934 0.0673198
0 0.109194 0.452952 0.0332654 0.0437425
0 0.401533 0.932122 0.015449 0.0587919
0 0.490791 0.896276 0.0233712 0.0472501
0 0.478904 0.839235 0.0165331 0.0470328
0 0.0761832 0.90174 0.0222644 0.0505455
0 0.469383 0.562886 0.0177041 0.0472725
0 0.370452 0.655479 0.0313661 0.0367675
0 0.386811 0.702315 0.0304547 0.0390999
0 0.312598 0.239249 0.0334374 0.0339793
0 0.404695 0.603917 0.0291791 0.0507116
0 0.427825 0.417085 0.0191642 0.0647966
0 0.3325 0.384493 0.0234415 0.0492349
0 0.366087 0.747377 0.0169494 0.0487077
0 0.738122 0.905115 0.0315807 0.0404199
0 0.682356 0.858979 0.0183876 0.0491436
0 0.327296 0.734468 0.0153808 0.0592014
0 0.417261 0.337256 0.0330035 0.0307965
0 0.470396 0.814317 0.016571 0.0497656
0 0.471053 0.48003 0.0333331 0.0397696
0 0.572401 0.285999 0.0149244 0.063194
0 0.414175 0.974293 0.0202677 0.0514137
0 0.905019 0.879714 0.0147615 0.044623
0 0.115618 0.412076 0.0412636 0.0351617
0 0.202511 0.782564 0.0299266 0.0487719
0 0.0715534 0.84778 0.031035 0.038056
0 0.64498 0.773105 0.0308649 0.0376559
0 0.414232 0.745021 0.0166657 0.0497774
0 0.508548 0.723734 0.0280171 0.0369044
0 0.185477 0.415167 0.0286664 0.0523941
0 0.405877 0.520797 0.0178685 0.0663658
0 0.853991 0.558717 0.0175104 0.0521851
0 0.753162 0.541905 0.0299746 0.0259015
0 0.43429 0.516408 0.0329451 0.0459812
0 0.341313 0.301677 0.0173723 0.0677731
0 0.549594 0.80946 0.0260349 0.0494571
0 0.656882 0.321791 0.0219598 0.0461733
0 0.603351 0.552554 0.0258147 0.0433185
0 0.303642 0.538191 0.0275152 0.0454185
0 0.895483 0.453483 0.0375779 0.0405837
0 0.526648 0.566257 0.0165219 0.0513365
0 0.744289 0.45036 0.0290919 0.0491584
0 0.425973 0.119548 0.01918 0.0562524
0 0.630081 0.150543 0.0252555 0.0421915
0 0.86393 0.464028 0.0229634 0.059424
0 0.793574 0.3685 0.0167617 0.0581297
0 0.389194 0.558012 0.0182847 0.0601058
0 0.444772 0.551392 0.0317462 0.0287156
0 0.782905 0.974755 0.0181932 0.0497467
0 0.595916 0.692137 0.0289215 0.0372343
0 0.380228 0.45494 0.0237471 0.0479048
0 0.612844 0.482413 0.0294632 0.0415442
0 0.631199 0.660966 0.0151463 0.0503289
0 0.537776 0.386379 0.0227329 0.0286161
0 0.278375 0.0596332 0.0208566 0.0389837
0 0.719534 0.288859 0.0172861 0.0524372
0 0.856914 0.827018 0.0368308 0.0458692
0 0.767609 0.480936 0.013675 0.048941
0 0.742921 0.951211 0.0180533 0.0551589
0 0.442173 0.163496 0.0169765 0.0779727
0 0.602935 0.844676 0.025652 0.0316383
0 0.381499 0.756697 0.0210104 0.0468092
0 0.246492 0.454485 0.0268458 0.0387654
0 0.327672 0.8161 0.0160307 0.050184
0 0.793325 0.533976 0.0152267 0.0342459
0 0.844154 0.504736 0.0341671 0.0314612
0 0.886253 0.887278 0.0156226 0.0551856
0 0.544829 0.419362 0.0247854 0.0289576
0 0.164257 0.972807 0.0169274 0.054386
0 0.465961 0.92157 0.0279163 0.0467684
0 0.157885 0.756268 0.0273485 0.0372086
0 0.0659695 0.684737 0.0207424 0.0374717
0 0.611593 0.339567 0.020965 0.0581103
0 0.458576 0.308788 0.025941 0.0569479
0 0.510682 0.776985 0.0230206 0.0533723
0 0.469536 0.205618 0.0346348 0.0309602
0 0.262598 0.408156 0.0301721 0.0396233
0 0.683395 0.298389 0.0314907 0.0346702
0 0.425636 0.256677 0.0292358 0.0538389
0 0.281797 0.438339 0.0154213 0.053542
0 0.173176 0.882987 0.0166167 0.0533968
0 0.245102 0.26304 0.0283257 0.055879
0 0.31925 0.34058 0.0160254 0.0541573
0 0.685093 0.453076 0.0265698 0.0495618
0 0.444906 0.887863 0.0182979 0.0492906
0 0.589479 0.461587 0.0337913 0.04133
0 0.352188 0.784335 0.0176262 0.0521946
0 0.315656 0.683714 0.0152743 0.0605211
0 0.357269 0.941761 0.0312024 0.0445821
0 0.0543276 0.622205 0.0156159 0.047026
0 0.727256 0.482126 0.0193515 0.0404937
0 0.875825 0.537045 0.0263263 0.044367
0 0.805063 0.267501 0.02239 0.0472335
0 0.764056 0.746165 0.0130343 0.0464933
0 0.375387 0.386736 0.0257921 0.0593439
0 0.897864 0.562071 0.0167528 0.0615325
0 0.93519 0.501304 0.0250466 0.0609147
0 0.0255777 0.580334 0.0221522 0.0365648
0 0.13246 0.103533 0.0316791 0.0339278
0 0.664211 0.663745 0.0271641 0.0326839
0 0.344207 0.148758 0.030934 0.0381289
0 0.480269 0.977579 0.0202098 0.0448424
0 0.875113 0.0363216 0.0215781 0.0537302
0 0.504594 0.454886 0.0208672 0.0434042
0 0.174644 0.469222 0.0200065 0.0553307
0 0.0796446 0.525872 0.0302893 0.0424272
0 0.64049 0.296792 0.031504 0.0256534
0 0.195492 0.334145 0.0324625 0.0499651
0 0.857709 0.615588 0.0286701 0.0466537
0 0.707121 0.189387 0.0322385 0.0321732
0 0.702699 0.884618 0.0233294 0.0445841
0 0.0651044 0.73865 0.0164116 0.0419279
0 0.759429 0.870847 0.0324411 0.0302286
0 0.171071 0.581365 0.0339114 0.0415647
0 0.682137 0.690735 0.0269055 0.0307768
0 0.202325 0.622811 0.0289333 0.0367696
0 0.156751 0.503564 0.0349944 0.0329118
0 0.54172 0.861389 0.0171432 0.0611985
0 0.541935 0.270709 0.0262929 0.0501603
0 0.147446 0.623672 0.0264957 0.0409437
0 0.52621 0.0738562 0.0165244 0.0598024
0 0.563955 0.04829 0.0158185 0.040299
0 0.233569 0.752565 0.0183256 0.049658
0 0.827351 0.850161 0.0167194 0.0541735
0 0.746195 0.790798 0.0276112 0.0349099
0 0.704831 0.54112 0.0298734 0.0297984
0 0.460886 0.437443 0.0287257 0.0332309
0 0.718753 0.37118 0.0189495 0.0546223
0 0.433063 0.862188 0.0156762 0.0477398
0 0.655032 0.241957 0.0174485 0.0547513
0 0.258938 0.510769 0.0255015 0.0355706
0 0.892132 0.930884 0.0179129 0.0516597
0 0.521609 0.365962 0.0152487 0.0439495
0 0.195046 0.132195 0.0165362 0.0553598
0 0.846093 0.887792 0.0155819 0.0616934
0 0.277074 0.665701 0.021803 0.044024
0 0.587376 0.415206 0.0288762 0.0349719
0 0.221976 0.850995 0.0172755 0.0651723
0 0.0115594 0.762111 0.0228129 0.0292485
0 0.520601 0.455431 0.0186511 0.0439581
0 0.727484 0.519364 0.0158848 0.0525858
0 0.582609 0.744092 0.020322 0.0421703
0 0.735104 0.710042 0.0153622 0.0504092
0 0.814519 0.788649 0.0178773 0.0409088
0 0.403524 0.775434 0.0231784 0.0271543
0 0.554657 0.490259 0.0216657 0.032336
0 0.521339 0.450872 0.0178298 0.0444345
0 0.579073 0.812597 0.0293586 0.030598
0 0.451382 0.805917 0.0172393 0.0443414
0 0.0393852 0.683628 0.0263071 0.0325679
0 0.460318 0.397868 0.0321225 0.0373903
0 0.183601 0.792322 0.0231432 0.0354742
0 0.803485 0.84516 0.0235591 0.0623875
0 0.613474 0.506735 0.0287631 0.0311338
0 0.605481 0.60076 0.0192878 0.0361934
0 0.720523 0.750172 0.0168757 0.0459418
0 0.111945 0.711905 0.0188408 0.0662134
0 0.0122561 0.761595 0.0226311 0.0279903
0 0.582359 0.111011 0.0230425 0.0537546
0 0.292923 0.816743 0.0340883 0.0335524
0 0.671857 0.740939 0.0189067 0.0439646
0 0.857972 0.953726 0.0260137 0.0342196
0 0.615441 0.0976363 0.0163054 0.055741
0 0.650854 0.836697 0.0151896 0.0470111
0 0.471464 0.653945 0.0289811 0.0539914
0 0.090138 0.795056 0.0231834 0.0456885
0 0.396891 0.218349 0.0228688 0.0581264
0 0.82085 0.2891 0.014925 0.0515035
0 0.0716937 0.384928 0.0176822 0.0584312
0 0.0577611 0.543606 0.0358523 0.0461925
0 0.758603 0.605811 0.0159783 0.0456417
0 0.363595 0.903345 0.0337371 0.0357579
0 0.284334 0.492699 0.0247329 0.0274796
0 0.13722 0.339701 0.0302876 0.0461248
0 0.364031 0.211647 0.0218979 0.0327787
0 0.78642 0.491256 0.0233675 0.0480656
0 0.0299316 0.635991 0.0247881 0.0357457
0 0.655767 0.873546 0.0208023 0.0454072
0 0.797307 0.643967 0.024779 0.0489899
0 0.381715 0.817733 0.0267956 0.033056
0 0.134434 0.949688 0.0235902 0.0376161
0 0.825588 0.747842 0.0178515 0.06016
0 0.400449 0.110977 0.0220736 0.0388354
0 0.651732 0.703298 0.0188947 0.0465318
0 0.357015 0.94274 0.0306015 0.0435575
0 0.76931 0.828344 0.0184756 0.0432676
0 0.529075 0.641225 0.0250225 0.0382577
0 0.823536 0.908549 0.0188147 0.0456969
0 0.901575 0.391082 0.0248855 0.0492739
0 0.843271 0.762254 0.0199625 0.0528493
0 0.206809 0.450898 0.0306552 0.0294568
0 0.589516 0.598797 0.0179642 0.0462854
0 0.737458 0.372754 0.0216306 0.0518578
0 0.113447 0.817321 0.0306649 0.0318375
0 0.579579 0.859032 0.0213467 0.0402038
0 0.742121 0.753451 0.0258197 0.0305202
0 0.567574 0.890246 0.035433 0.0360831
0 0.603778 0.978054 0.0233816 0.0438917
0 0.878256 0.579886 0.0241096 0.0515825
0 0.193047 0.652153 0.0257185 0.0416798
0 0.349836 0.831473 0.0274545 0.0298328
0 0.24697 0.879482 0.0139116 0.0514674
