0 0.404656 0.464824 0.0309677 0.0388099
0 0.438151 0.480675 0.0315289 0.0477796
0 0.496339 0.33384 0.0352668 0.0390891
0 0.639232 0.489516 0.0173266 0.0610923
0 0.564395 0.654161 0.0283097 0.0512684
0 0.766385 0.36904 0.0284551 0.044812
0 0.620947 0.79104 0.0255676 0.0460185
0 0.185835 0.733424 0.0314224 0.0423453
0 0.0886151 0.481848 0.0289012 0.0527719
0 0.515085 0.84282 0.0170403 0.0637687
0 0.534433 0.953185 0.0286919 0.0555196
0 0.509219 0.273267 0.0321915 0.0479082
0 0.491265 0.226766 0.0380818 0.0403135
0 0.255997 0.179236 0.0324546 0.0482473
0 0.352584 0.784882 0.0190381 0.0540128
0 0.488303 0.424806 0.0167946 0.0637107
0 0.593603 0.640826 0.0245127 0.0466773
0 0.794986 0.314233 0.0348935 0.036732
0 0.192708 0.377474 0.0277102 0.0487067
0 0.686643 0.453167 0.0226821 0.0505061
0 0.294807 0.37894 0.0391822 0.0387831
0 0.8185 0.346243 0.0314078 0.0405566
0 0.573228 0.285124 0.0141359 0.0607694
0 0.427459 0.416755 0.0195784 0.0634496
0 0.659736 0.44152 0.0167106 0.0531805
0 0.496493 0.83834 0.0153644 0.0555443
0 0.540057 0.676192 0.0310559 0.0333822
0 0.76782 0.40607 0.0290759 0.0340305
0 0.417182 0.677779 0.0168544 0.0531296
0 0.784854 0.421666 0.0281199 0.0401435
0 0.516244 0.412319 0.0279788 0.0434739
0 0.367824 0.743096 0.0200611 0.0542481
0 0.0725609 0.847241 0.0326481 0.0399515
0 0.593348 0.230777 0.0318195 0.0451218
0 0.406782 0.518571 0.0182561 0.0681862
0 0.934299 0.500629 0.0243034 0.0543195
0 0.425926 0.117044 0.0188892 0.0583614
0 0.803737 0.462727 0.0221777 0.0447953
0 0.380338 0.456811 0.0234639 0.0486229
0 0.533677 0.725237 0.0159431 0.0522146
0 0.473039 0.654362 0.0278668 0.049867
0 0.138315 0.466597 0.0282591 0.0461738
0 0.0666753 0.684245 0.0214441 0.0364131
0 0.14336 0.71622 0.0349511 0.0290468
0 0.622623 0.439716 0.0320573 0.0298659
0 0.414177 0.74422 0.0168903 0.0475762
0 0.32746 0.821846 0.015354 0.0584852
0 0.396582 0.642372 0.0200467 0.0533076
0 0.457756 0.313521 0.026038 0.0572251
0 0.185227 0.415251 0.029149 0.0558554
0 0.399797 0.412875 0.0298101 0.0456515
0 0.672752 0.62475 0.0242297 0.0411953
0 0.305485 0.456574 0.0233267 0.0606419
0 0.691477 0.369211 0.0192577 0.0590986
0 0.128509 0.771006 0.0275499 0.0613019
0 0.338815 0.546838 0.0321803 0.0420074
0 0.55339 0.527807 0.0257449 0.049359
0 0.645319 0.77382 0.0288404 0.034402
0 0.507987 0.725152 0.0298392 0.0360154
0 0.314323 0.241713 0.0340479 0.0316405
0 0.485077 0.519159 0.0350897 0.0331919
0 0.520236 0.513053 0.0182697 0.0580861
0 0.617267 0.403366 0.0270671 0.03961
0 0.384384 0.94907 0.015078 0.0582888
0 0.709946 0.569314 0.031847 0.028357
0 0.661936 0.366405 0.0363486 0.0400375
0 0.47849 0.84293 0.0177398 0.0583315
0 0.471718 0.480102 0.0330509 0.0378625
0 0.558967 0.712016 0.0267563 0.031587
0 0.280421 0.214966 0.0162931 0.0579491
0 0.354146 0.49157 0.0362669 0.0400592
0 0.562103 0.599089 0.0224503 0.0515547
0 0.0392845 0.682372 0.0260696 0.0301967
0 0.637399 0.298128 0.0378579 0.0238724
0 0.420969 0.573349 0.025655 0.058844
0 0.384764 0.702525 0.030913 0.0345452
0 0.424502 0.256874 0.0354992 0.0520856
0 0.326977 0.732879 0.0159113 0.0591029
0 0.369164 0.649254 0.0286882 0.0438313
0 0.59542 0.692788 0.028888 0.0383144
0 0.783575 0.973786 0.0183925 0.0493024
0 0.630288 0.150063 0.0290508 0.0398372
0 0.173178 0.580145 0.0405552 0.0399298
0 0.480624 0.977552 0.0223985 0.044897
0 0.631471 0.65994 0.0156438 0.0493423
0 0.470683 0.815174 0.0175817 0.0507011
0 0.668703 0.584974 0.0411453 0.038964
0 0.550941 0.805878 0.0256278 0.0479734
0 0.894919 0.450335 0.035232 0.0377158
0 0.491519 0.897146 0.021902 0.0471846
0 0.635468 0.343333 0.0172534 0.063133
0 0.764837 0.518386 0.0296479 0.0346338
0 0.112746 0.705926 0.0169345 0.053349
0 0.510939 0.777445 0.025385 0.0521966
0 0.844325 0.503891 0.0329769 0.0284478
0 0.163747 0.971174 0.0158755 0.0576511
0 0.744232 0.452487 0.0282743 0.0538951
0 0.898088 0.561566 0.0161749 0.0590163
0 0.402014 0.932159 0.0159973 0.0522332
0 0.0481032 0.901754 0.0244978 0.0391251
0 0.655443 0.244014 0.0189286 0.0547773
0 0.588458 0.465598 0.0341139 0.0408808
0 0.684117 0.861161 0.0181625 0.050939
0 0.504444 0.454217 0.0220677 0.0454744
0 0.727428 0.510832 0.0147182 0.0692109
0 0.414616 0.975014 0.0203383 0.0499089
0 0.306926 0.539491 0.0272671 0.0480013
0 0.522238 0.455792 0.0162553 0.051308
0 0.434713 0.638513 0.0307702 0.0424617
0 0.204787 0.780895 0.0254833 0.0432597
0 0.604872 0.55428 0.0265091 0.0366176
0 0.855133 0.559315 0.0172153 0.0495923
0 0.322612 0.894547 0.0326127 0.0374006
0 0.442752 0.161227 0.0177902 0.0711248
0 0.34144 0.298785 0.0190994 0.0668658
0 0.794291 0.366999 0.0157087 0.0579257
0 0.678014 0.192112 0.0160045 0.0436747
0 0.290703 0.270118 0.0303207 0.0279339
0 0.612598 0.483316 0.0304273 0.0440634
0 0.282717 0.436885 0.0148866 0.0574954
0 0.370818 0.157861 0.0174996 0.0584728
0 0.285297 0.730405 0.0251019 0.0526646
0 0.66523 0.665037 0.0272478 0.0316213
0 0.763799 0.745857 0.0146211 0.0445046
0 0.602957 0.84487 0.0269556 0.030835
0 0.648245 0.204309 0.0303234 0.0290626
0 0.53738 0.387225 0.0245462 0.0278453
0 0.736672 0.903597 0.0322944 0.0344542
0 0.769633 0.481671 0.0143199 0.0516516
0 0.672983 0.739814 0.0170163 0.0452074
0 0.754569 0.54358 0.0304179 0.0246179
0 0.864689 0.462521 0.0206019 0.0573866
0 0.47046 0.566462 0.0156609 0.0473041
0 0.759215 0.61272 0.0144428 0.0555212
0 0.06534 0.737033 0.0161509 0.0403145
0 0.581539 0.559821 0.0176372 0.0627817
0 0.568367 0.889252 0.0345282 0.0370206
0 0.738753 0.369884 0.0210904 0.0532669
0 0.460543 0.435564 0.0268142 0.0307772
0 0.26112 0.407417 0.0276934 0.0353859
0 0.0117982 0.761685 0.023195 0.0306558
0 0.0149157 0.791087 0.0244657 0.0293361
0 0.858429 0.952189 0.0272344 0.0360001
0 0.380847 0.816593 0.0324329 0.0356327
0 0.3893 0.555469 0.0188426 0.0711259
0 0.793531 0.533086 0.0154339 0.0353864
0 0.526327 0.563167 0.016398 0.0473807
0 0.464378 0.394575 0.0326753 0.036785
0 0.246865 0.454527 0.0274449 0.0380668
0 0.294127 0.815532 0.0299273 0.0306818
0 0.357024 0.942995 0.0312951 0.0427882
0 0.580207 0.400615 0.027703 0.0350887
0 0.829024 0.848512 0.0178336 0.0495996
0 0.612707 0.337952 0.0208332 0.0575376
0 0.324301 0.489262 0.0182757 0.0643637
0 0.8577 0.827978 0.0348947 0.0437295
0 0.523107 0.372232 0.0145478 0.0477948
0 0.315694 0.686661 0.0157828 0.0567222
0 0.604093 0.599172 0.022328 0.0354154
0 0.645793 0.623499 0.0291067 0.0371911
0 0.682344 0.692183 0.0262289 0.026698
0 0.564559 0.0500925 0.0158367 0.0412977
0 0.781342 0.613429 0.0202415 0.0449622
0 0.515566 0.141964 0.0287244 0.051941
0 0.0773928 0.903778 0.0237045 0.0416032
0 0.525732 0.0727534 0.0170554 0.0580663
0 0.450502 0.804226 0.0162991 0.0499839
0 0.740431 0.612099 0.016238 0.0556594
0 0.734164 0.708788 0.0135539 0.0524412
0 0.759704 0.869758 0.0299143 0.0299884
0 0.582806 0.808842 0.0333647 0.0323444
0 0.886998 0.887571 0.015353 0.0525416
0 0.634332 0.902721 0.0296352 0.0379428
0 0.418725 0.338354 0.0335605 0.0283956
0 0.798438 0.646588 0.021338 0.049878
0 0.859041 0.615618 0.0240021 0.0490297
0 0.278637 0.0553188 0.0201592 0.0353347
0 0.581988 0.811591 0.0334184 0.0279005
0 0.611879 0.337418 0.0206547 0.0561749
0 0.0540312 0.735738 0.0115924 0.0431422
0 0.264789 0.476392 0.0265602 0.0255228
0 0.63535 0.341361 0.0165271 0.0581402
0 0.57731 0.958765 0.0228871 0.0612545
0 0.657283 0.324826 0.023314 0.0462837
0 0.879872 0.577653 0.0209887 0.050882
0 0.704795 0.542048 0.0290173 0.0283247
0 0.32012 0.338658 0.0170988 0.0593261
0 0.173795 0.881857 0.0156478 0.0578618
0 0.397181 0.222118 0.0207859 0.0606038
0 0.74426 0.951311 0.0159941 0.0511427
0 0.113647 0.411194 0.0423854 0.0322348
0 0.876689 0.539013 0.0228788 0.0414533
0 0.381234 0.758297 0.0213441 0.0442323
0 0.433421 0.865099 0.0144132 0.0486962
0 0.792463 0.712952 0.0245502 0.054944
0 0.621846 0.54989 0.0153395 0.0408528
0 0.471381 0.205211 0.0319819 0.0351507
0 0.70806 0.640099 0.036042 0.032094
0 0.902205 0.388055 0.025211 0.0466826
0 0.553801 0.293578 0.0251773 0.0224623
0 0.355095 0.328123 0.0259191 0.0501002
0 0.843411 0.758764 0.0186805 0.0577944
0 0.775526 0.566596 0.028596 0.0287482
0 0.747762 0.790533 0.025328 0.034164
0 0.46691 0.921248 0.0297592 0.0490334
0 0.77921 0.89252 0.0323031 0.0305627
0 0.805373 0.829317 0.0305081 0.0335643
0 0.708405 0.187747 0.035134 0.0287592
0 0.554881 0.491847 0.0228026 0.0323179
0 0.375877 0.385238 0.0225753 0.0611353
0 0.257708 0.511224 0.0284493 0.0314253
0 0.703211 0.88387 0.0207549 0.0386016
0 0.40158 0.776075 0.0295051 0.027462
0 0.708313 0.188942 0.0357893 0.0292352
0 0.233911 0.751988 0.0191896 0.0477453
0 0.123792 0.502308 0.0276923 0.030055
0 0.434362 0.516114 0.0351491 0.0418928
0 0.342583 0.149577 0.0334821 0.035877
0 0.114124 0.821952 0.0305917 0.0275371
0 0.24761 0.88082 0.0144254 0.0583541
0 0.95415 0.0959889 0.0170125 0.0554543
0 0.284265 0.49208 0.0250625 0.0268421
0 0.655986 0.873612 0.0197938 0.0452086
0 0.709681 0.984554 0.0203395 0.0308469
0 0.657359 0.319458 0.023065 0.0540438
0 0.134722 0.10572 0.0313969 0.0324849
0 0.703764 0.922166 0.0132733 0.0424378
0 0.753971 0.544654 0.0291776 0.0260201
0 0.0734277 0.380786 0.0193443 0.0612954
0 0.65164 0.702348 0.0180744 0.0409725
0 0.56132 0.952433 0.0223783 0.058565
0 0.127668 0.542918 0.0331452 0.0373675
0 0.60505 0.886675 0.0261107 0.0281066
0 0.540491 0.859133 0.0201983 0.0529525
0 0.0261696 0.581825 0.0224438 0.0426173
0 0.110006 0.45403 0.0290589 0.0424754
0 0.541715 0.0577517 0.0179595 0.0384844
0 0.0542433 0.945588 0.0164448 0.038195
0 0.445357 0.55111 0.0295385 0.0259116
0 0.720259 0.292242 0.0209363 0.0483865
0 0.719941 0.371286 0.0198674 0.0547245
0 0.446068 0.88415 0.0182819 0.0535044
0 0.742768 0.304332 0.0220792 0.049681
0 0.7872 0.489845 0.0210718 0.0443704
0 0.502342 0.103624 0.0135111 0.0678507
0 0.244576 0.260997 0.0290401 0.0559424
