0 0.324287 0.490584 0.0163359 0.0621683
0 0.437191 0.47797 0.0323047 0.0453011
0 0.420115 0.575078 0.024542 0.0605125
0 0.534049 0.952863 0.0286613 0.0576832
0 0.0881924 0.483153 0.0284058 0.0491374
0 0.384016 0.948071 0.01603 0.0605585
0 0.565039 0.6543 0.028268 0.0537723
0 0.515182 0.844695 0.0181561 0.0700234
0 0.56253 0.599227 0.0238347 0.0519833
0 0.496213 0.83917 0.0162485 0.0608941
0 0.659698 0.442628 0.0168717 0.0559102
0 0.589329 0.462719 0.0335427 0.0437212
0 0.338114 0.544821 0.0331474 0.0468136
0 0.357877 0.943846 0.031308 0.0444012
0 0.553046 0.527854 0.0275521 0.0493894
0 0.485401 0.518597 0.0353853 0.032321
0 0.492253 0.227599 0.037361 0.0405465
0 0.621312 0.791885 0.0248503 0.0446472
0 0.639434 0.490264 0.0187512 0.0638655
0 0.795328 0.313358 0.036041 0.03466
0 0.192559 0.378628 0.0306171 0.0511434
0 0.742929 0.305596 0.0229743 0.0481353
0 0.497535 0.334372 0.0378023 0.0362373
0 0.49211 0.897952 0.0218913 0.0461373
0 0.379561 0.457319 0.0233303 0.0518991
0 0.295227 0.380263 0.0383172 0.0371315
0 0.819122 0.346106 0.0320277 0.0380242
0 0.520023 0.513868 0.0198251 0.0584103
0 0.631584 0.149313 0.0272802 0.0394934
0 0.395643 0.642319 0.0194763 0.0554896
0 0.488468 0.429127 0.0167827 0.0604502
0 0.470243 0.480497 0.033129 0.0332973
0 0.593698 0.640409 0.0235062 0.0477176
0 0.764523 0.516318 0.0292957 0.033168
0 0.508984 0.272154 0.031235 0.0478079
0 0.370363 0.155071 0.0190561 0.0603136
0 0.282089 0.434469 0.0148222 0.0576242
0 0.42721 0.414963 0.0198219 0.0659547
0 0.691589 0.367339 0.019269 0.0579254
0 0.41274 0.971023 0.0287861 0.0577113
0 0.18584 0.733407 0.032104 0.0402232
0 0.137378 0.467778 0.0288367 0.0458314
0 0.593718 0.230077 0.031816 0.0445622
0 0.404348 0.464389 0.0308076 0.0343698
0 0.645013 0.772403 0.0313543 0.0330316
0 0.935704 0.498757 0.0269172 0.0554574
0 0.954178 0.0930079 0.0167643 0.055432
0 0.279745 0.215379 0.0174934 0.0570167
0 0.25551 0.178898 0.0336636 0.0471066
0 0.514791 0.410003 0.0283095 0.0421561
0 0.766711 0.406621 0.0288599 0.032004
0 0.533304 0.725997 0.0181392 0.0568791
0 0.41739 0.679263 0.0171157 0.0526716
0 0.572496 0.284674 0.0140666 0.060697
0 0.366963 0.746505 0.0190765 0.0529735
0 0.672719 0.624858 0.0252964 0.0397943
0 0.303811 0.459847 0.0203321 0.0594844
0 0.766147 0.368932 0.0293842 0.0399581
0 0.539647 0.677 0.0293545 0.0365272
0 0.384367 0.700689 0.0353597 0.0382551
0 0.470096 0.815013 0.0167789 0.0519768
0 0.670301 0.585413 0.0388591 0.0391873
0 0.617552 0.403575 0.0281446 0.0380193
0 0.683288 0.86174 0.0198585 0.0590513
0 0.172871 0.580778 0.0401861 0.0419898
0 0.863912 0.462232 0.0232734 0.058818
0 0.143065 0.717065 0.0364011 0.0269299
0 0.67856 0.192134 0.0143704 0.0440511
0 0.950884 0.805766 0.0294128 0.106245
0 0.623501 0.439775 0.0355032 0.0338152
0 0.549532 0.808427 0.0266676 0.046899
0 0.442008 0.157894 0.0177588 0.0629535
0 0.477819 0.84465 0.017575 0.0555653
0 0.70985 0.570678 0.0301212 0.0311648
0 0.244338 0.26253 0.0297853 0.0573677
0 0.327438 0.735677 0.0151547 0.0582103
0 0.468159 0.924601 0.0243045 0.0476786
0 0.802818 0.461721 0.0232857 0.047202
0 0.470099 0.567386 0.0158668 0.0483555
0 0.507901 0.7226 0.0311704 0.0354896
0 0.405988 0.518259 0.0179157 0.0666455
0 0.63531 0.341712 0.019551 0.0611538
0 0.464229 0.393817 0.0357265 0.0349057
0 0.631613 0.662014 0.0146834 0.0536882
0 0.603593 0.553237 0.0252853 0.0404113
0 0.173411 0.878551 0.0166186 0.0565457
0 0.662112 0.365961 0.0343124 0.0374772
0 0.482193 0.977562 0.0222913 0.0448764
0 0.0719806 0.846638 0.0342867 0.0392315
0 0.263576 0.406237 0.0312444 0.039338
0 0.457773 0.308485 0.0254899 0.0553484
0 0.854903 0.558388 0.017537 0.0499802
0 0.743189 0.950382 0.0193394 0.0534979
0 0.314427 0.24019 0.0336254 0.0338424
0 0.279956 0.0549074 0.0191481 0.0333988
0 0.0718255 0.382128 0.018214 0.0598259
0 0.78598 0.423414 0.0284799 0.0396651
0 0.858625 0.826977 0.0333195 0.041386
0 0.76053 0.868748 0.0356749 0.0298769
0 0.433719 0.639548 0.0302024 0.0450105
0 0.133375 0.103528 0.0312551 0.0352478
0 0.612996 0.480914 0.031731 0.0393666
0 0.545497 0.419236 0.0279123 0.0278973
0 0.658597 0.322606 0.0252143 0.0411117
0 0.510798 0.774553 0.0241289 0.0532533
0 0.612793 0.338143 0.0202642 0.0570459
0 0.304116 0.541557 0.0272634 0.046592
0 0.581456 0.812972 0.0333845 0.0278191
0 0.794107 0.367932 0.017471 0.0566843
0 0.354292 0.490213 0.0372942 0.0362448
0 0.75588 0.54186 0.0352489 0.0244622
0 0.542002 0.271857 0.0266389 0.0540086
0 0.581419 0.562467 0.0168433 0.0506852
0 0.380396 0.757383 0.0196665 0.0480382
0 0.902837 0.387551 0.0239789 0.046785
0 0.5592 0.71334 0.0281452 0.0330654
0 0.783613 0.974763 0.0181759 0.0460743
0 0.425719 0.120231 0.019046 0.0541784
0 0.288494 0.269899 0.0332228 0.02935
0 0.743268 0.450863 0.0278988 0.0469996
0 0.536884 0.387876 0.0259317 0.025967
0 0.82896 0.848119 0.0190088 0.0509075
0 0.569821 0.890256 0.0369471 0.0345106
0 0.521606 0.449407 0.0163557 0.047262
0 0.764217 0.744935 0.0158823 0.0504377
0 0.334201 0.38868 0.0192249 0.0536947
0 0.844287 0.503853 0.0350495 0.0274623
0 0.358277 0.373198 0.0249999 0.0451455
0 0.354226 0.982122 0.0318645 0.0285643
0 0.195421 0.334291 0.0307867 0.0449152
0 0.727079 0.522865 0.0165785 0.0523415
0 0.114296 0.410748 0.0414775 0.0327689
0 0.655133 0.24641 0.0190422 0.0526218
0 0.708727 0.187317 0.0328056 0.0262772
0 0.066346 0.684995 0.0218549 0.0418078
0 0.895712 0.452206 0.0387805 0.0411693
0 0.54106 0.861437 0.0198138 0.0612667
0 0.652548 0.108272 0.0312535 0.0296748
0 0.368823 0.650627 0.0316702 0.039538
0 0.425362 0.255341 0.0305293 0.0490119
0 0.353357 0.786485 0.0161894 0.0480986
0 0.584361 0.743742 0.024631 0.0484655
0 0.443027 0.551266 0.0332989 0.0321795
0 0.611895 0.338094 0.0199752 0.0561722
0 0.31926 0.33818 0.0145317 0.0553772
0 0.200588 0.778136 0.0306684 0.0417006
0 0.0119962 0.760804 0.0234707 0.0277942
0 0.414304 0.745964 0.0183221 0.0497753
0 0.077852 0.905833 0.0238192 0.0439446
0 0.342463 0.149286 0.0316271 0.0369981
0 0.739346 0.905684 0.034655 0.0354168
0 0.82322 0.904758 0.0218087 0.0471399
0 0.791043 0.715082 0.0254018 0.0592078
0 0.685795 0.454433 0.0263768 0.0507478
0 0.647708 0.205536 0.0281871 0.0272791
0 0.30324 0.296547 0.0361949 0.0304924
0 0.794139 0.533553 0.0147686 0.0353291
0 0.451622 0.8041 0.0170399 0.0471478
0 0.68241 0.693944 0.0289012 0.0277045
0 0.246747 0.453659 0.0298896 0.0403637
0 0.285637 0.727319 0.0258536 0.0465704
0 0.886983 0.886371 0.0160857 0.0585212
0 0.892088 0.935686 0.0191636 0.0610807
0 0.340997 0.300185 0.0189613 0.0686765
0 0.433881 0.860343 0.0180658 0.047746
0 0.164091 0.968228 0.0182037 0.0622696
0 0.637748 0.297321 0.0401135 0.0227339
0 0.419015 0.337801 0.0378788 0.0282419
0 0.602081 0.845711 0.0269439 0.0311781
0 0.759282 0.61379 0.0145387 0.059829
0 0.774761 0.566493 0.0283105 0.0320485
0 0.356757 0.318422 0.0259245 0.060364
0 0.776678 0.894037 0.0314619 0.0337962
0 0.506251 0.448963 0.0191562 0.0460035
0 0.295401 0.635029 0.0277486 0.0347448
0 0.55609 0.212903 0.0222164 0.0590598
0 0.0544466 0.619606 0.0172434 0.0510106
0 0.315713 0.68603 0.0165702 0.0542319
0 0.673032 0.740022 0.0172854 0.0449743
0 0.594925 0.692976 0.0281821 0.0363862
0 0.635106 0.34334 0.0184386 0.0623866
0 0.46902 0.204513 0.0351444 0.029603
0 0.149181 0.845031 0.0316753 0.0256016
0 0.202954 0.62441 0.0316305 0.0325996
0 0.232383 0.751401 0.0185846 0.0512822
0 0.859309 0.617737 0.0284155 0.0412009
0 0.642642 0.621072 0.0342679 0.0424121
0 0.472247 0.653746 0.0283357 0.0520442
0 0.898827 0.558972 0.0165824 0.0599788
0 0.720165 0.290371 0.0172769 0.0535442
0 0.666204 0.664164 0.0279093 0.0302116
0 0.584435 0.111678 0.018119 0.0491934
0 0.687609 0.302981 0.0305525 0.0353562
0 0.40409 0.776673 0.0283107 0.0276927
0 0.321972 0.893796 0.0327651 0.033262
0 0.0649268 0.736115 0.0169637 0.0412348
0 0.577101 0.956806 0.0226587 0.0661594
0 0.0263076 0.580817 0.0228889 0.0439998
0 0.803572 0.84334 0.0235371 0.0590118
0 0.84349 0.759716 0.0205765 0.0532392
0 0.398281 0.218647 0.0241903 0.0532815
0 0.311336 0.591554 0.0297901 0.0438257
0 0.787533 0.49128 0.0211938 0.0418548
0 0.55786 0.746329 0.0299445 0.0280133
0 0.36535 0.903432 0.0308885 0.033916
0 0.390604 0.0689692 0.0195021 0.0520281
0 0.905756 0.878138 0.0156799 0.047835
0 0.295808 0.816942 0.0283489 0.0327254
0 0.581936 0.517648 0.0161099 0.0512547
0 0.388746 0.55933 0.0211957 0.0658993
0 0.250772 0.630283 0.0286451 0.0324048
0 0.813136 0.790765 0.0236599 0.0426291
0 0.15599 0.503666 0.0358786 0.0316343
0 0.767957 0.480308 0.0143499 0.0525894
0 0.126848 0.770777 0.0252069 0.0588879
0 0.07152 0.796557 0.0196513 0.0387118
0 0.739678 0.612048 0.0185872 0.0577549
0 0.0160541 0.788891 0.0252616 0.0347728
0 0.952213 0.68247 0.0197499 0.0696068
0 0.893056 0.830454 0.0345591 0.0457821
0 0.702978 0.88263 0.0220891 0.0396461
0 0.646874 0.183425 0.0240804 0.0426826
0 0.714534 0.955474 0.0200262 0.0663901
0 0.679521 0.542542 0.0323057 0.0320678
0 0.788264 0.492882 0.0226769 0.039084
0 0.04775 0.906342 0.0267368 0.0388805
0 0.279195 0.493659 0.0314927 0.025037
0 0.456734 0.088749 0.0127265 0.0576687
0 0.267681 0.550269 0.032034 0.0271359
0 0.356143 0.323596 0.0258746 0.0573329
0 0.174598 0.468704 0.0180756 0.0603916
0 0.349972 0.627153 0.0248456 0.0502683
0 0.186113 0.416252 0.031069 0.0532063
0 0.578854 0.402446 0.0340178 0.0396473
0 0.721183 0.752986 0.0184156 0.0454789
0 0.258963 0.510553 0.0261881 0.0338741
0 0.79791 0.646105 0.0229144 0.0501854
0 0.932736 0.958593 0.0348142 0.0812261
0 0.709441 0.148526 0.0195096 0.0348796
0 0.564189 0.0479311 0.0152158 0.0407459
0 0.263086 0.481795 0.0328721 0.0319532
0 0.707811 0.639476 0.0359951 0.0353547
0 0.605561 0.976646 0.0293759 0.0467077
0 0.708552 0.190262 0.0340584 0.0268112
0 0.0389354 0.682497 0.0275155 0.0303249
0 0.365493 0.214936 0.0267328 0.0325601
0 0.58112 0.856981 0.0178206 0.0456897
0 0.053285 0.946788 0.0157856 0.0388758
0 0.703816 0.542555 0.0309569 0.031368
0 0.694746 0.639559 0.0156157 0.0401015
0 0.621803 0.828785 0.0271588 0.0295901
0 0.147894 0.626001 0.0297075 0.037918
0 0.0585706 0.735005 0.0137111 0.0428774
0 0.605415 0.598721 0.0211517 0.0343893
0 0.402036 0.92602 0.0157607 0.0494494
0 0.876851 0.541449 0.0252346 0.0464233
