0 0.785101 0.422971 0.0289891 0.0434854
0 0.661581 0.366889 0.036758 0.0382363
0 0.621853 0.793647 0.0251185 0.0445762
0 0.496448 0.334479 0.0351276 0.0380022
0 0.562577 0.598453 0.0243814 0.0526747
0 0.324074 0.48974 0.0176552 0.0606381
0 0.191075 0.376177 0.0307573 0.0518052
0 0.564486 0.654977 0.0298238 0.0532001
0 0.421069 0.573864 0.025844 0.0587638
0 0.486511 0.519853 0.0374565 0.0315836
0 0.65977 0.440194 0.0170539 0.0540591
0 0.338918 0.546621 0.0313401 0.0471546
0 0.384082 0.947389 0.0159887 0.0593519
0 0.638401 0.487322 0.0209155 0.0602333
0 0.552944 0.526527 0.028317 0.0518484
0 0.592853 0.22932 0.0304914 0.0418437
0 0.79458 0.314865 0.0356283 0.0341318
0 0.508053 0.272517 0.0316465 0.0497271
0 0.515665 0.844048 0.0186717 0.0676842
0 0.403913 0.465865 0.0323684 0.0361004
0 0.381206 0.455856 0.025683 0.0502204
0 0.0883434 0.481795 0.0293026 0.0550994
0 0.864795 0.464487 0.0229796 0.0613879
0 0.307078 0.458371 0.0236892 0.0598351
0 0.593772 0.640258 0.023449 0.0453012
0 0.819081 0.344502 0.033935 0.0383218
0 0.953629 0.0945963 0.0173147 0.0617092
0 0.185842 0.733551 0.0309086 0.0413759
0 0.934663 0.50186 0.0248565 0.0587538
0 0.6677 0.584807 0.0431078 0.0356972
0 0.488276 0.426499 0.0171546 0.0636913
0 0.0725492 0.845926 0.0325507 0.0401089
0 0.478001 0.837409 0.0186423 0.0513007
0 0.492089 0.227036 0.0388887 0.0387416
0 0.438121 0.479981 0.0314417 0.0494153
0 0.520121 0.513448 0.0191072 0.0589355
0 0.534462 0.95516 0.0288741 0.0597412
0 0.137334 0.467666 0.0285373 0.046676
0 0.202688 0.781522 0.0282818 0.0461196
0 0.143405 0.716866 0.0360453 0.0276844
0 0.256859 0.18023 0.0341272 0.0473068
0 0.396356 0.641728 0.018658 0.0532665
0 0.631229 0.150066 0.0306201 0.0421876
0 0.34014 0.303984 0.0169981 0.0680171
0 0.767841 0.405878 0.0312603 0.0321982
0 0.496394 0.836351 0.0176946 0.0514451
0 0.425517 0.116377 0.0201477 0.0609208
0 0.352775 0.784226 0.0175349 0.0529703
0 0.425202 0.258683 0.0313116 0.0563453
0 0.612069 0.340068 0.0217306 0.0583465
0 0.435074 0.639587 0.0315404 0.0481241
0 0.673932 0.625277 0.0261065 0.0415217
0 0.295115 0.379227 0.039379 0.0395012
0 0.636069 0.341836 0.0187981 0.059969
0 0.491169 0.899078 0.0215689 0.04362
0 0.616616 0.402072 0.0279641 0.038898
0 0.710099 0.569904 0.0345412 0.0320791
0 0.539457 0.67799 0.0299101 0.03953
0 0.803321 0.4611 0.0218356 0.0442531
0 0.24511 0.262392 0.0296388 0.053759
0 0.367396 0.745518 0.0189749 0.0508962
0 0.623947 0.439221 0.0324181 0.03388
0 0.644631 0.772438 0.0310037 0.0337116
0 0.515829 0.410068 0.0281053 0.043101
0 0.335345 0.389281 0.0224268 0.0583742
0 0.55909 0.714009 0.0289926 0.0329018
0 0.370103 0.153133 0.0191727 0.0648325
0 0.417291 0.680266 0.0174872 0.0558669
0 0.855164 0.559404 0.0181929 0.0501812
0 0.764502 0.746035 0.0146822 0.0481743
0 0.895792 0.45088 0.0380264 0.0363621
0 0.472926 0.654801 0.0274091 0.0504492
0 0.469953 0.815049 0.0169431 0.0508942
0 0.304755 0.538696 0.0255298 0.0465454
0 0.315445 0.685401 0.0160125 0.0615891
0 0.683125 0.861037 0.0198568 0.0561608
0 0.470224 0.567011 0.016391 0.0489581
0 0.165435 0.968382 0.0233482 0.0632369
0 0.572983 0.280507 0.0148578 0.053401
0 0.611261 0.481515 0.0329841 0.0440553
0 0.775571 0.567572 0.0296346 0.035207
0 0.511006 0.77625 0.0260274 0.0537132
0 0.537744 0.386408 0.0237859 0.0285488
0 0.533304 0.725117 0.0179217 0.0561299
0 0.738731 0.904946 0.0357197 0.0403208
0 0.186585 0.414596 0.0302099 0.051319
0 0.822962 0.906508 0.0196113 0.0410542
0 0.742567 0.303185 0.0226294 0.0517433
0 0.876217 0.539018 0.0257038 0.0434597
0 0.655145 0.24351 0.0188169 0.0608095
0 0.471343 0.479001 0.037156 0.041975
0 0.262731 0.407055 0.0311115 0.0374287
0 0.470966 0.204381 0.0340031 0.0298724
0 0.67846 0.191806 0.017045 0.0473287
0 0.278761 0.0567698 0.019292 0.0407367
0 0.844417 0.504779 0.0338457 0.0294982
0 0.743529 0.950168 0.0194296 0.0561143
0 0.507262 0.721766 0.0311008 0.0406886
0 0.28976 0.270239 0.0295376 0.0308387
0 0.427494 0.415423 0.019066 0.063524
0 0.313349 0.238793 0.0356259 0.0359626
0 0.406465 0.519165 0.0190552 0.0663318
0 0.631472 0.662545 0.0164925 0.0537002
0 0.442465 0.165897 0.0169238 0.0769579
0 0.580504 0.554065 0.0183925 0.0715204
0 0.528182 0.562129 0.0197507 0.0529062
0 0.449299 0.806464 0.0193789 0.0495688
0 0.202732 0.624147 0.0289131 0.0344791
0 0.109753 0.452663 0.0309587 0.0421004
0 0.691027 0.363507 0.0196088 0.0544654
0 0.636521 0.343131 0.0187676 0.0618557
0 0.859069 0.615806 0.0276573 0.0492898
0 0.194012 0.331057 0.0321126 0.0485654
0 0.857042 0.825553 0.0374129 0.0423364
0 0.282466 0.437482 0.0158262 0.0555573
0 0.127215 0.776014 0.02592 0.0520586
0 0.584882 0.115984 0.0179097 0.0602181
0 0.52135 0.365803 0.0153398 0.047208
0 0.111801 0.706461 0.0175221 0.0584169
0 0.898029 0.556993 0.0172091 0.0613645
0 0.589325 0.464197 0.0351764 0.0529402
0 0.171988 0.581304 0.0395784 0.0420932
0 0.398454 0.219346 0.0235987 0.060679
0 0.782742 0.97465 0.0182288 0.0507005
0 0.326773 0.734022 0.0165344 0.058494
0 0.318845 0.890874 0.035126 0.0416006
0 0.466834 0.92236 0.0300641 0.048171
0 0.13226 0.107245 0.0335511 0.0416091
0 0.678944 0.542584 0.030654 0.0339249
0 0.41461 0.745671 0.0160316 0.0509244
0 0.389754 0.556805 0.019926 0.0633967
0 0.280367 0.213719 0.0161963 0.057398
0 0.0659265 0.736204 0.0174374 0.0420657
0 0.604602 0.554401 0.0272752 0.0368962
0 0.78779 0.48968 0.0227354 0.0419323
0 0.0771613 0.904076 0.0245787 0.0481481
0 0.370239 0.65521 0.0341486 0.0359124
0 0.756227 0.542605 0.031812 0.0268263
0 0.648534 0.204985 0.0313185 0.0242274
0 0.88599 0.888045 0.0171577 0.0522031
0 0.381858 0.758539 0.0210255 0.0450673
0 0.615688 0.0970114 0.0149702 0.0566695
0 0.355365 0.324919 0.0270478 0.0537199
0 0.639167 0.296751 0.036494 0.0239142
0 0.376571 0.387379 0.0245371 0.0607983
0 0.727601 0.481417 0.0206307 0.0404897
0 0.0723521 0.382714 0.0192007 0.0609543
0 0.901467 0.387588 0.0255802 0.0455018
0 0.54677 0.418425 0.02981 0.0275074
0 0.479673 0.977182 0.0191265 0.0456354
0 0.765553 0.369211 0.0291699 0.0421395
0 0.637229 0.297479 0.0375788 0.0226647
0 0.114337 0.822946 0.0308297 0.0281047
0 0.766986 0.473433 0.0149117 0.0606003
0 0.319915 0.341014 0.0162927 0.056404
0 0.52209 0.455713 0.0174128 0.048582
0 0.0141636 0.761406 0.0264694 0.0296338
0 0.356548 0.942777 0.0324195 0.0449248
0 0.594549 0.692316 0.0301786 0.03781
0 0.460804 0.39616 0.0377542 0.0390188
0 0.458304 0.311334 0.0265469 0.0525566
0 0.684733 0.451845 0.0251667 0.0477061
0 0.629538 0.609371 0.0362069 0.0365553
0 0.127567 0.545375 0.0350798 0.0400679
0 0.157938 0.75618 0.0277519 0.0354502
0 0.857288 0.952853 0.0272514 0.0352192
0 0.719506 0.29177 0.0191965 0.0466484
0 0.685763 0.300649 0.0307998 0.0378632
0 0.793443 0.534481 0.0157157 0.0349522
0 0.0148182 0.791239 0.024945 0.029638
0 0.0668214 0.684352 0.0212657 0.036844
0 0.67253 0.74112 0.0176008 0.041552
0 0.41999 0.339132 0.0319614 0.0287787
0 0.0481683 0.903665 0.0268086 0.0404256
0 0.793895 0.366669 0.0180508 0.0607786
0 0.550467 0.808809 0.0282491 0.0477369
0 0.506579 0.448968 0.0194884 0.0444367
0 0.285762 0.863596 0.0307821 0.0436303
0 0.415805 0.973525 0.0231508 0.0529494
0 0.743644 0.451429 0.0270817 0.049963
0 0.76013 0.86956 0.0304602 0.0314755
0 0.344781 0.148917 0.0296154 0.0411326
0 0.401689 0.936059 0.0147045 0.060444
0 0.708235 0.188582 0.034654 0.033019
0 0.563496 0.045481 0.0140577 0.0425887
0 0.790697 0.714828 0.0225283 0.0624736
0 0.579642 0.404364 0.0341852 0.0455043
0 0.124169 0.502061 0.0278059 0.0290029
0 0.204992 0.450799 0.0305721 0.0314938
0 0.75923 0.615889 0.0149298 0.0590308
0 0.602571 0.845695 0.0275209 0.0303639
0 0.706376 0.540036 0.032374 0.0308811
0 0.450542 0.807792 0.0175307 0.0497292
0 0.892287 0.932452 0.0193739 0.0612008
0 0.462071 0.436408 0.0300893 0.0368188
0 0.100378 0.91615 0.0236151 0.0315603
0 0.295989 0.816504 0.0281157 0.0332247
0 0.386914 0.703311 0.03206 0.0400747
0 0.2338 0.752729 0.0178953 0.0531895
0 0.405983 0.601581 0.0262218 0.0530123
0 0.258605 0.513161 0.0300164 0.0354916
0 0.522151 0.450581 0.0175134 0.0490284
0 0.604665 0.597692 0.0211928 0.038104
0 0.581745 0.811526 0.0324923 0.030298
0 0.267018 0.476439 0.0265621 0.0286276
0 0.0705986 0.795201 0.0196291 0.0444278
0 0.353566 0.493427 0.033877 0.0397796
0 0.435808 0.517787 0.0293989 0.0454018
0 0.148936 0.627597 0.0291506 0.0447513
0 0.357801 0.373598 0.0220374 0.0429854
0 0.443709 0.55153 0.0326763 0.0290713
0 0.740863 0.61093 0.0192636 0.0639334
0 0.5687 0.889512 0.035988 0.035311
0 0.582153 0.807586 0.0338795 0.0320999
0 0.708665 0.639915 0.0357124 0.0367236
0 0.149075 0.843899 0.0285684 0.0363935
0 0.540804 0.863987 0.0194488 0.0635908
0 0.0177989 0.824673 0.0207315 0.0284121
0 0.0539793 0.946001 0.0172084 0.0418526
0 0.17429 0.88124 0.0174975 0.058614
0 0.82726 0.846369 0.017193 0.0512645
