0 0.383887 0.948847 0.0155902 0.0600644
0 0.621272 0.792667 0.029755 0.0448737
0 0.396349 0.641125 0.0210901 0.0570324
0 0.495563 0.835521 0.0144446 0.0538745
0 0.819098 0.345649 0.0316507 0.0392685
0 0.469996 0.815415 0.0166411 0.0544344
0 0.784986 0.973361 0.0229322 0.0515029
0 0.495651 0.332684 0.0356847 0.0364391
0 0.535021 0.953938 0.0296109 0.0574702
0 0.553021 0.528602 0.0276378 0.0537394
0 0.634841 0.342343 0.0157453 0.0616591
0 0.435486 0.638426 0.030865 0.0474436
0 0.795305 0.312685 0.0348108 0.0344612
0 0.520202 0.513238 0.0198632 0.0650026
0 0.0886558 0.482389 0.0301833 0.0542229
0 0.3377 0.544843 0.032257 0.0412163
0 0.639849 0.486782 0.0174893 0.058309
0 0.660687 0.442125 0.0166683 0.0565545
0 0.420739 0.572754 0.026109 0.0561472
0 0.743782 0.306849 0.0212942 0.0449663
0 0.668632 0.584807 0.0442897 0.0373542
0 0.856106 0.822935 0.0391582 0.0458186
0 0.48833 0.896446 0.0282934 0.0471985
0 0.191022 0.376176 0.0305254 0.0514851
0 0.416802 0.679662 0.017222 0.0561821
0 0.673134 0.624886 0.0266358 0.0412853
0 0.437788 0.479989 0.0291166 0.0445432
0 0.428906 0.414019 0.0186599 0.0627488
0 0.710524 0.568327 0.0325282 0.0324101
0 0.508723 0.271154 0.0313261 0.0508176
0 0.66188 0.36424 0.0356295 0.0360905
0 0.185283 0.732977 0.0314077 0.0390567
0 0.51107 0.775457 0.0251106 0.0532598
0 0.142844 0.717187 0.0368385 0.0295413
0 0.351847 0.783502 0.0200931 0.0554162
0 0.767381 0.404189 0.0297609 0.0343428
0 0.707725 0.185561 0.0310043 0.0260834
0 0.623998 0.438076 0.0325762 0.0293099
0 0.56288 0.599329 0.0236537 0.0543555
0 0.59296 0.643033 0.0246542 0.0518421
0 0.0732895 0.84656 0.0343801 0.0432376
0 0.187633 0.41613 0.0301246 0.0474551
0 0.859649 0.615799 0.0259528 0.0457377
0 0.305265 0.539329 0.0268033 0.0470808
0 0.406032 0.519406 0.0183716 0.0685136
0 0.404687 0.464824 0.0329252 0.0353303
0 0.845553 0.503664 0.0333152 0.0264565
0 0.65632 0.323427 0.0209801 0.0387296
0 0.686186 0.455022 0.0237923 0.0541149
0 0.485235 0.518482 0.0355769 0.0313293
0 0.323926 0.491759 0.0182897 0.0632095
0 0.57286 0.277645 0.0129243 0.0493606
0 0.398991 0.411503 0.0305657 0.0399147
0 0.593353 0.230172 0.0307272 0.0378088
0 0.615932 0.403078 0.0261086 0.0368391
0 0.515544 0.845715 0.0183477 0.0716063
0 0.280171 0.216747 0.016772 0.0504886
0 0.738277 0.904133 0.0358286 0.0336841
0 0.56427 0.656135 0.0289418 0.0521624
0 0.46962 0.567781 0.0159032 0.0503003
0 0.137417 0.468501 0.0279292 0.0475611
0 0.415248 0.974096 0.024755 0.0511367
0 0.590313 0.466172 0.0353922 0.052403
0 0.764623 0.747478 0.0139033 0.0434886
0 0.482782 0.976705 0.0256507 0.0449012
0 0.173822 0.879335 0.0164955 0.0549713
0 0.532689 0.725074 0.016117 0.0552467
0 0.49268 0.226847 0.0368476 0.0363388
0 0.306731 0.459568 0.0252083 0.0586614
0 0.765358 0.367494 0.0285748 0.0420062
0 0.557977 0.712381 0.0270519 0.0332043
0 0.596109 0.690478 0.030232 0.0381535
0 0.887288 0.88516 0.0169393 0.0541991
0 0.894893 0.45143 0.0350488 0.0401969
0 0.464805 0.922142 0.0333983 0.0472365
0 0.708893 0.642085 0.0404518 0.0356979
0 0.281605 0.436763 0.0140131 0.0528765
0 0.86487 0.464606 0.0219756 0.0581713
0 0.487922 0.42863 0.0177399 0.0547977
0 0.688803 0.302153 0.0287279 0.0319431
0 0.744736 0.450381 0.0283826 0.0477919
0 0.738486 0.369155 0.0209497 0.0543152
0 0.855226 0.557875 0.015117 0.0446988
0 0.288802 0.268869 0.0280967 0.0294284
0 0.107366 0.453073 0.0330855 0.0464568
0 0.263513 0.403468 0.0306625 0.0405358
0 0.682873 0.859611 0.0178232 0.0454351
0 0.442394 0.165629 0.0167738 0.0774702
0 0.64171 0.295687 0.0350957 0.0237728
0 0.312362 0.240042 0.0333624 0.0302344
0 0.340511 0.300008 0.0177056 0.0647596
0 0.762083 0.51524 0.0246776 0.028325
0 0.478041 0.837894 0.0180009 0.0499497
0 0.735275 0.710314 0.0143597 0.0487308
0 0.720267 0.287286 0.016733 0.0530354
0 0.0665066 0.685189 0.021654 0.0383519
0 0.643689 0.770103 0.0350551 0.0276755
0 0.611485 0.481475 0.0319759 0.0359194
0 0.678689 0.194231 0.0148387 0.0417964
0 0.768918 0.484477 0.013329 0.0444752
0 0.353574 0.489931 0.0365458 0.0349294
0 0.755884 0.542403 0.0319612 0.0225963
0 0.386061 0.702206 0.0325722 0.0344398
0 0.508049 0.723363 0.0289934 0.0334126
0 0.823518 0.91015 0.0210479 0.046225
0 0.0775939 0.90321 0.0234664 0.0542807
0 0.539201 0.67896 0.0291863 0.0308208
0 0.953886 0.09869 0.0193518 0.0622779
0 0.744306 0.950492 0.0193297 0.0618939
0 0.897689 0.558427 0.015406 0.0565486
0 0.175523 0.579946 0.0383561 0.037579
0 0.326806 0.734002 0.0159133 0.0576147
0 0.257315 0.511581 0.0310643 0.0368597
0 0.355826 0.940041 0.0327207 0.0458875
0 0.803351 0.459464 0.0234957 0.0473727
0 0.631484 0.661706 0.0151801 0.0531397
0 0.785275 0.420743 0.029365 0.0394104
0 0.613183 0.340544 0.0197174 0.0584788
0 0.515335 0.410334 0.0295153 0.0408412
0 0.257033 0.178346 0.0341406 0.0500218
0 0.786973 0.490571 0.0201144 0.0420901
0 0.737877 0.596375 0.0210189 0.0533422
0 0.0543363 0.538624 0.0316944 0.037635
0 0.401446 0.929362 0.0158688 0.0503332
0 0.389935 0.556818 0.019786 0.0548285
0 0.759712 0.606482 0.014387 0.0436247
0 0.0392738 0.681593 0.0299501 0.0322432
0 0.458039 0.308122 0.0284051 0.0529865
0 0.793993 0.532804 0.0139481 0.0353622
0 0.829396 0.848412 0.0180368 0.0489599
0 0.934393 0.500889 0.0234321 0.0551512
0 0.316203 0.684828 0.0148194 0.0522142
0 0.7944 0.363419 0.0163297 0.061245
0 0.471396 0.480565 0.0318679 0.0292913
0 0.115966 0.410082 0.0405033 0.0252437
0 0.334092 0.384565 0.018559 0.0528147
0 0.426227 0.121567 0.0188663 0.0466172
0 0.471193 0.20286 0.0312403 0.0261745
0 0.29326 0.377647 0.0376967 0.0316639
0 0.449493 0.809624 0.0176018 0.0473775
0 0.463725 0.395835 0.0384414 0.0380487
0 0.380938 0.455096 0.0264311 0.0473212
0 0.521787 0.456056 0.0155246 0.0463264
0 0.415383 0.743026 0.0191183 0.0490531
0 0.610575 0.345407 0.0167437 0.0525069
0 0.550324 0.810207 0.027391 0.0440779
0 0.545511 0.418525 0.0259593 0.0255703
0 0.0716484 0.390493 0.0157215 0.0466947
0 0.543374 0.271921 0.0258298 0.0458522
0 0.443448 0.550398 0.033053 0.026799
0 0.538323 0.38736 0.0251988 0.0269359
0 0.878601 0.579654 0.0245768 0.0525099
0 0.521018 0.366788 0.0152849 0.0435808
0 0.368825 0.747012 0.0194341 0.043322
0 0.450373 0.811206 0.0181003 0.0475883
0 0.192844 0.332838 0.0312442 0.0500092
0 0.655739 0.243925 0.0192327 0.0551126
0 0.746075 0.7867 0.0251458 0.0283165
0 0.703215 0.886933 0.0238028 0.0467801
0 0.540719 0.862216 0.0200254 0.0622762
0 0.369489 0.650205 0.0301419 0.0369737
0 0.472964 0.654096 0.0286141 0.0503757
0 0.856671 0.95387 0.0323743 0.0389921
0 0.876368 0.537437 0.0270738 0.0370826
0 0.127436 0.768334 0.0255535 0.0611847
0 0.174676 0.469026 0.0207241 0.0548424
0 0.798427 0.647901 0.0218436 0.0436801
0 0.726519 0.849409 0.0273958 0.0272417
0 0.581618 0.811351 0.036086 0.0271375
0 0.582137 0.807961 0.0353788 0.0315083
0 0.354538 0.335032 0.0256976 0.0345709
0 0.370185 0.158885 0.0165596 0.0477102
0 0.370759 0.654124 0.0320657 0.0323928
0 0.673375 0.740866 0.0164351 0.0425056
0 0.462262 0.436653 0.0287091 0.029296
0 0.048458 0.900743 0.0281715 0.0342692
0 0.631163 0.149671 0.0282083 0.0413556
0 0.601997 0.845039 0.0288146 0.0335424
0 0.0146551 0.793208 0.0261746 0.0318108
0 0.605475 0.555332 0.0243997 0.0331051
0 0.477495 0.607896 0.0218389 0.052204
0 0.164033 0.971509 0.0196244 0.0569828
0 0.111975 0.70953 0.0205119 0.0583553
0 0.647786 0.201988 0.0285971 0.0336237
0 0.780651 0.613995 0.0207983 0.0427706
0 0.612635 0.507751 0.0292315 0.0301773
0 0.404496 0.605411 0.0273938 0.0480508
0 0.319984 0.339509 0.0174392 0.0554816
0 0.790352 0.722217 0.026722 0.0460843
0 0.565136 0.0502195 0.0157218 0.0428625
0 0.718639 0.367727 0.01966 0.0497947
0 0.514618 0.409467 0.0297369 0.0394456
0 0.547387 0.456646 0.0329771 0.0232338
0 0.932196 0.717351 0.0128049 0.0576361
0 0.293389 0.815894 0.0343387 0.0296987
0 0.345341 0.146942 0.0244241 0.0317901
0 0.826038 0.750868 0.0188441 0.0624298
0 0.582421 0.403993 0.0286371 0.0425959
0 0.526627 0.566943 0.0186817 0.0439808
0 0.635631 0.868741 0.0228173 0.0520228
0 0.743068 0.752614 0.0246787 0.0286217
0 0.112054 0.708843 0.0208503 0.0582314
0 0.455335 0.357699 0.0178663 0.0318794
0 0.0116804 0.760878 0.0233608 0.0345511
0 0.663657 0.663998 0.028827 0.0300739
0 0.605425 0.598562 0.0210168 0.0312254
0 0.376724 0.387493 0.0264762 0.0564498
0 0.819893 0.478379 0.0199217 0.0347919
0 0.371365 0.869006 0.0376067 0.0345105
0 0.298167 0.414132 0.0228984 0.0245449
0 0.757462 0.614041 0.0139361 0.0551799
0 0.202828 0.623672 0.0298782 0.0312092
0 0.0789461 0.523234 0.0308503 0.0368699
0 0.112623 0.972017 0.0226698 0.0507436
