0 0.534431 0.956041 0.0295058 0.0610405
0 0.562765 0.601308 0.0273018 0.0572534
0 0.553748 0.531856 0.027893 0.0564231
0 0.864303 0.466188 0.0238481 0.0693231
0 0.397024 0.641507 0.0222498 0.0591842
0 0.65998 0.444674 0.0176805 0.06476
0 0.637908 0.489078 0.0207652 0.065371
0 0.0881255 0.481648 0.0332371 0.056549
0 0.520952 0.514267 0.0217612 0.0647374
0 0.245057 0.26374 0.0321716 0.0612279
0 0.820906 0.345903 0.0359656 0.0407941
0 0.384375 0.949504 0.0146934 0.0607413
0 0.950673 0.808566 0.0331687 0.11922
0 0.428028 0.416815 0.0196135 0.0695485
0 0.858842 0.614062 0.0297402 0.0524505
0 0.338174 0.544915 0.0337186 0.0432404
0 0.307419 0.457895 0.0255545 0.0610337
0 0.469674 0.56876 0.0169746 0.0555286
0 0.795545 0.3137 0.0372443 0.0334446
0 0.953879 0.0968686 0.0202719 0.0693758
0 0.669711 0.585104 0.0425721 0.0432997
0 0.351874 0.783818 0.0190478 0.0553559
0 0.563264 0.654406 0.0313543 0.0555896
0 0.572645 0.281948 0.0140091 0.0603739
0 0.7928 0.367724 0.01841 0.0595022
0 0.324604 0.49205 0.0205318 0.0631904
0 0.935103 0.500008 0.0264761 0.062075
0 0.436836 0.477679 0.032043 0.0463724
0 0.294995 0.379119 0.0397425 0.0370491
0 0.515303 0.845372 0.0166363 0.0699687
0 0.487085 0.895043 0.0326088 0.0556337
0 0.334605 0.3907 0.0225039 0.0650266
0 0.857715 0.826147 0.0387645 0.0516178
0 0.764116 0.517071 0.030875 0.0320767
0 0.745691 0.95502 0.0213197 0.0702467
0 0.488097 0.427141 0.0190225 0.0632792
0 0.783421 0.973275 0.0198885 0.0534507
0 0.515023 0.41003 0.0297916 0.0419378
0 0.172481 0.581001 0.0450561 0.0479833
0 0.644887 0.772561 0.0377359 0.0380671
0 0.341645 0.300637 0.0189876 0.0730072
0 0.0736535 0.848022 0.0350675 0.042818
0 0.0802338 0.52388 0.0281425 0.047978
0 0.305635 0.539028 0.0300041 0.0514681
0 0.759272 0.605255 0.0172652 0.057156
0 0.621912 0.791203 0.0291586 0.0477797
0 0.896724 0.453553 0.0399172 0.0434138
0 0.400126 0.410142 0.0320112 0.0448246
0 0.707554 0.187444 0.0310093 0.0253561
0 0.313456 0.239737 0.0355716 0.0299353
0 0.709747 0.56994 0.0337551 0.0293749
0 0.764319 0.745342 0.0152461 0.0448821
0 0.143319 0.715213 0.0374067 0.0298129
0 0.594053 0.641199 0.0258991 0.0525244
0 0.591387 0.229363 0.035191 0.0456202
0 0.53262 0.727453 0.0154524 0.0530936
0 0.632161 0.664869 0.0161902 0.0597562
0 0.661861 0.366921 0.0360693 0.0371314
0 0.190943 0.374785 0.0309349 0.0505421
0 0.768019 0.402262 0.0310046 0.0340525
0 0.470016 0.202957 0.0360321 0.0292028
0 0.0728197 0.383274 0.0190759 0.0642151
0 0.686568 0.455248 0.0239935 0.0548608
0 0.425909 0.120589 0.0195604 0.0557198
0 0.738191 0.600066 0.0224586 0.079825
0 0.497278 0.333972 0.0398937 0.0347243
0 0.20058 0.780399 0.0344538 0.0516541
0 0.257051 0.180436 0.0341319 0.0485851
0 0.640063 0.29668 0.0374083 0.0243569
0 0.565209 0.0505357 0.0157036 0.0481061
0 0.788249 0.490182 0.0239389 0.0410922
0 0.370306 0.158286 0.0182977 0.0662172
0 0.486797 0.519585 0.0343355 0.0321316
0 0.673818 0.62478 0.0274622 0.0429103
0 0.683215 0.862509 0.0191238 0.0555562
0 0.743414 0.305261 0.0207502 0.0559118
0 0.356425 0.942694 0.0325609 0.0461212
0 0.442002 0.160163 0.0177199 0.0737157
0 0.415299 0.97419 0.0226699 0.0516202
0 0.550131 0.809671 0.0273809 0.0475902
0 0.496693 0.839398 0.0156651 0.0603906
0 0.472151 0.654339 0.0286417 0.0522957
0 0.734584 0.708768 0.0135017 0.0526778
0 0.450089 0.806507 0.0186532 0.055578
0 0.827559 0.846375 0.0174006 0.0534085
0 0.406499 0.516894 0.0187974 0.0667626
0 0.585325 0.468412 0.0267858 0.0601684
0 0.281302 0.440253 0.016746 0.0567075
0 0.186451 0.73389 0.0335862 0.0416138
0 0.187118 0.415261 0.0325497 0.0470631
0 0.898064 0.558368 0.0175412 0.0577401
0 0.571046 0.889148 0.0360392 0.0352643
0 0.459307 0.310828 0.0304007 0.0526161
0 0.405413 0.465691 0.0310277 0.0363034
0 0.854205 0.557279 0.0179852 0.0569521
0 0.740135 0.903608 0.0403134 0.0385106
0 0.72655 0.515322 0.0205904 0.063781
0 0.419736 0.572545 0.0281226 0.0599093
0 0.0115335 0.723816 0.0230669 0.0348961
0 0.878383 0.581892 0.0265387 0.0564787
0 0.435551 0.638945 0.0343062 0.0469229
0 0.0306718 0.582383 0.0337734 0.0524443
0 0.492207 0.227848 0.0391105 0.0471085
0 0.344345 0.149359 0.0314055 0.0369411
0 0.417411 0.682406 0.0173205 0.0528342
0 0.844601 0.760414 0.023179 0.0651667
0 0.844663 0.503874 0.0349272 0.0311485
0 0.678126 0.193232 0.0170243 0.0458706
0 0.538721 0.67801 0.0327384 0.031528
0 0.320608 0.339799 0.0197776 0.0596308
0 0.887096 0.885088 0.0154186 0.060894
0 0.279412 0.214053 0.0185243 0.0565893
0 0.581017 0.564466 0.0188013 0.0607722
0 0.539013 0.386737 0.0274136 0.025786
0 0.0765261 0.903731 0.0255711 0.0556171
0 0.671971 0.737246 0.0186409 0.0534504
0 0.466225 0.923816 0.0311282 0.0469686
0 0.480883 0.976763 0.0202384 0.0464746
0 0.44315 0.553384 0.0329511 0.0284378
0 0.11257 0.710317 0.0189576 0.0644569
0 0.386112 0.70149 0.0357758 0.0388292
0 0.508118 0.723699 0.028788 0.0357883
0 0.559458 0.713198 0.0293617 0.0344025
0 0.602251 0.84392 0.0297254 0.0334349
0 0.472534 0.4801 0.0386111 0.0381602
0 0.315765 0.687114 0.0156302 0.0609032
0 0.79377 0.533465 0.0147475 0.0395654
0 0.693201 0.363574 0.0202723 0.0524325
0 0.655882 0.246186 0.0211946 0.0642206
0 0.47172 0.818344 0.0186996 0.0563746
0 0.624076 0.43934 0.033551 0.030985
0 0.932247 0.714824 0.0131597 0.0611688
0 0.616212 0.402279 0.0256642 0.0399034
0 0.802809 0.457473 0.0243303 0.0533521
0 0.766075 0.367702 0.0301211 0.0436869
0 0.58239 0.113498 0.0253863 0.056542
0 0.521511 0.369364 0.0128887 0.0476136
0 0.744265 0.451928 0.032414 0.0531827
0 0.380358 0.455451 0.0251837 0.0488458
0 0.353633 0.491699 0.0357563 0.0439033
0 0.0668045 0.684213 0.0205722 0.0399163
0 0.463538 0.435008 0.0325041 0.037734
0 0.353305 0.983619 0.0295133 0.0327626
0 0.506247 0.273697 0.0361176 0.045103
0 0.684398 0.692904 0.0305709 0.0262367
0 0.477548 0.836801 0.0164687 0.0533735
0 0.895143 0.771834 0.0237361 0.0574646
0 0.882424 0.710775 0.0487552 0.058218
0 0.786215 0.422463 0.0297011 0.0435278
0 0.797283 0.647516 0.0226311 0.0519662
0 0.115475 0.410098 0.0385689 0.0255824
0 0.596596 0.691332 0.0312555 0.037887
0 0.60925 0.348003 0.0157433 0.057773
0 0.466153 0.393144 0.0434004 0.033775
0 0.174066 0.881165 0.0154333 0.0511964
0 0.123076 0.500491 0.0281612 0.0330496
0 0.398196 0.218435 0.0232762 0.0637706
0 0.540942 0.86504 0.0207975 0.0676379
0 0.193933 0.334307 0.0340097 0.052225
0 0.633183 0.903312 0.0312785 0.0311237
0 0.368735 0.211462 0.0343294 0.0313723
0 0.0468042 0.900928 0.0306227 0.0438327
0 0.557752 0.746732 0.0297521 0.0264552
0 0.959462 0.252946 0.0326372 0.0823292
0 0.75857 0.867466 0.0323195 0.0300317
0 0.0647899 0.734855 0.0167631 0.0444856
0 0.721025 0.750548 0.020493 0.0518375
0 0.285469 0.727867 0.0283307 0.054651
