0 0.795161 0.313581 0.0349909 0.033232
0 0.470334 0.653031 0.0336235 0.0573455
0 0.383592 0.949456 0.0158873 0.0624825
0 0.507239 0.272378 0.037687 0.0534189
0 0.324741 0.492293 0.0196275 0.0637987
0 0.0890556 0.482476 0.0298656 0.0557136
0 0.63824 0.488818 0.0209643 0.064151
0 0.14398 0.716509 0.0345446 0.0282602
0 0.818664 0.347849 0.0330216 0.0395935
0 0.351624 0.782655 0.0217407 0.060057
0 0.553835 0.530651 0.0286297 0.0564863
0 0.487786 0.429804 0.0186883 0.0598509
0 0.400346 0.224242 0.0243718 0.0692502
0 0.563796 0.601811 0.0247963 0.0577582
0 0.533875 0.959067 0.0271244 0.0635796
0 0.864938 0.466118 0.0245122 0.0683226
0 0.660475 0.449303 0.0173089 0.0699284
0 0.742001 0.304333 0.0267098 0.059851
0 0.191905 0.379052 0.0298363 0.0552681
0 0.435716 0.639515 0.0314998 0.0485405
0 0.340716 0.301703 0.0192576 0.0728588
0 0.671007 0.584428 0.0410369 0.0409653
0 0.396594 0.642412 0.019507 0.0595365
0 0.859348 0.614689 0.0287309 0.0501076
0 0.428232 0.418829 0.0216229 0.0643088
0 0.483964 0.518684 0.0362138 0.0324139
0 0.335489 0.388993 0.0210669 0.0638401
0 0.42519 0.117158 0.0214183 0.0632996
0 0.856981 0.822278 0.0409626 0.053936
0 0.767726 0.404265 0.0301063 0.0347903
0 0.307277 0.459237 0.0235196 0.0646517
0 0.496373 0.334055 0.0377807 0.0349165
0 0.339475 0.546889 0.0325008 0.0426025
0 0.0788439 0.526735 0.0342893 0.048399
0 0.794246 0.368913 0.0181706 0.0623344
0 0.593984 0.643889 0.0252317 0.0510329
0 0.492547 0.22519 0.038904 0.0351994
0 0.18574 0.73345 0.0297717 0.0381514
0 0.30372 0.53935 0.0290468 0.048006
0 0.171838 0.579937 0.0434187 0.0402085
0 0.0725811 0.848563 0.0336359 0.0415666
0 0.257139 0.511556 0.032118 0.0360888
0 0.844006 0.504498 0.035329 0.0294049
0 0.570569 0.889946 0.0367116 0.0336511
0 0.846081 0.890262 0.0205739 0.0850198
0 0.787707 0.490125 0.0244218 0.0468493
0 0.257089 0.181663 0.0340956 0.051519
0 0.0406527 0.68093 0.0299978 0.0326765
0 0.320566 0.342373 0.0185827 0.0615073
0 0.572919 0.282705 0.0139526 0.0620651
0 0.403982 0.466056 0.0349467 0.0332394
0 0.559117 0.711837 0.0300381 0.0325756
0 0.61751 0.402476 0.0306625 0.041149
0 0.783774 0.974948 0.018736 0.049522
0 0.495562 0.838736 0.0151954 0.0593025
0 0.533257 0.725988 0.0176672 0.0648372
0 0.757913 0.615338 0.0162082 0.0694627
0 0.581698 0.554554 0.0187286 0.113334
0 0.595712 0.692321 0.0295791 0.0380713
0 0.744693 0.951841 0.018818 0.0653915
0 0.522236 0.514078 0.0216216 0.0625657
0 0.539669 0.38562 0.0284562 0.0249519
0 0.516217 0.849726 0.0189155 0.0803284
0 0.294403 0.380959 0.0387569 0.0356113
0 0.674317 0.627463 0.0280454 0.0453807
0 0.821434 0.396176 0.0381573 0.0248297
0 0.420118 0.573227 0.0277378 0.0626024
0 0.287334 0.734711 0.0265083 0.0641741
0 0.265006 0.405239 0.0305358 0.0368582
0 0.707205 0.186516 0.0317617 0.0244221
0 0.785187 0.423203 0.0304308 0.0399489
0 0.73557 0.711982 0.0160137 0.0538477
0 0.128917 0.769413 0.0288193 0.0610402
0 0.602924 0.845399 0.0295456 0.0313761
0 0.606029 0.555898 0.0329147 0.0380449
0 0.792295 0.639043 0.0339846 0.0683178
0 0.635763 0.343477 0.0189169 0.0650055
0 0.0138589 0.759628 0.0268814 0.0334583
0 0.138077 0.468464 0.0295525 0.0476094
0 0.644388 0.773582 0.0387116 0.0403265
0 0.951916 0.807974 0.033885 0.119632
0 0.5895 0.471148 0.0341065 0.053706
0 0.413798 0.968056 0.0302949 0.0638876
0 0.93611 0.502411 0.0261371 0.0577396
0 0.413779 0.73878 0.0228297 0.0611656
0 0.886985 0.889842 0.0166227 0.0649245
0 0.0768324 0.902783 0.027511 0.0585548
0 0.381884 0.456478 0.0255924 0.053513
0 0.662476 0.363089 0.0344921 0.0332559
0 0.0299404 0.586143 0.0310188 0.0559716
0 0.714586 0.953831 0.0241803 0.0811986
0 0.621902 0.790272 0.0310047 0.05688
0 0.354301 0.49032 0.0371735 0.0349239
0 0.738548 0.604417 0.0231404 0.0774116
0 0.708941 0.570124 0.0318814 0.026969
0 0.631491 0.149623 0.0348882 0.0432611
0 0.672264 0.739689 0.0197395 0.0517498
0 0.708713 0.641152 0.04049 0.0343357
0 0.187977 0.414616 0.0312926 0.0487147
0 0.740365 0.903971 0.0398628 0.0367265
0 0.726987 0.512178 0.0220392 0.0727602
0 0.898069 0.560106 0.0172437 0.0694692
0 0.661621 0.366018 0.0350722 0.0357141
0 0.582123 0.810253 0.0355402 0.029098
0 0.353115 0.982258 0.0286195 0.0314754
0 0.539617 0.676622 0.031368 0.0299473
0 0.43821 0.479474 0.0306676 0.0453217
0 0.623713 0.439904 0.033052 0.0297153
0 0.280099 0.215929 0.0163494 0.0557027
0 0.224817 0.606996 0.0224741 0.0523374
0 0.28931 0.267888 0.0336407 0.0242986
0 0.881687 0.711808 0.0478155 0.0568939
0 0.876201 0.538803 0.0277461 0.0519595
0 0.56473 0.655509 0.0306017 0.0569628
0 0.545308 0.419685 0.029402 0.0270746
0 0.406684 0.516348 0.0192478 0.0717889
0 0.895609 0.452174 0.038045 0.0369531
0 0.313672 0.241777 0.036415 0.0299793
0 0.29565 0.631586 0.0310289 0.0274716
0 0.0585866 0.5461 0.0415 0.0560866
0 0.32633 0.734539 0.0168813 0.064362
0 0.173137 0.880354 0.0175799 0.060028
0 0.516505 0.41297 0.0312421 0.0457384
0 0.110962 0.708046 0.0195777 0.0577692
0 0.370985 0.156578 0.0203207 0.0718208
0 0.781883 0.893086 0.044595 0.0374461
0 0.487486 0.890518 0.0304912 0.0632761
0 0.417596 0.679586 0.0173955 0.0603687
0 0.757281 0.867499 0.034421 0.0275335
0 0.243108 0.460878 0.0351707 0.0334149
0 0.46928 0.481503 0.0335188 0.0308447
0 0.282017 0.441842 0.0170801 0.0574506
0 0.124487 0.364613 0.0232543 0.0574451
0 0.764451 0.518258 0.030175 0.0360443
0 0.470566 0.572431 0.0164197 0.0575858
0 0.739495 0.37593 0.024262 0.0683351
0 0.764279 0.747207 0.0156267 0.0502468
0 0.459309 0.311553 0.0311809 0.0527589
0 0.366954 0.211508 0.030093 0.0317202
0 0.511017 0.774247 0.0232943 0.0570623
0 0.380825 0.819269 0.0363949 0.0325834
0 0.16311 0.966481 0.0215831 0.0670382
0 0.564655 0.653617 0.0295764 0.0594255
0 0.245287 0.258361 0.0304902 0.0641108
0 0.464418 0.396245 0.0391652 0.0377576
0 0.87828 0.579995 0.0291028 0.0558759
0 0.115642 0.410746 0.0401879 0.0273474
0 0.65644 0.32014 0.0213245 0.0477876
0 0.581456 0.812132 0.034821 0.0262132
0 0.854117 0.56051 0.020226 0.0613615
0 0.469786 0.815528 0.0168915 0.0520411
0 0.802838 0.460675 0.0260078 0.0486284
0 0.370403 0.657133 0.0341086 0.0326875
