0 505.36 254.57 27.10 35.26
0 589.17 216.44 20.07 33.23
0 539.49 188.84 27.10 32.01
0 506.36 185.34 29.11 31.20
0 501.35 144.69 35.13 24.01
0 467.72 189.35 30.11 25.19
0 436.11 216.94 29.11 23.96
0 458.69 268.11 16.06 35.97
0 491.81 296.71 38.14 25.25
0 536.48 304.74 35.13 25.25
0 641.36 259.09 36.13 28.24
0 606.23 260.59 26.10 19.21
0 578.13 250.55 24.09 14.91
0 589.17 279.66 34.13 21.23
0 612.76 298.22 39.14 22.24
0 699.58 318.29 24.09 28.27
0 690.54 339.86 26.10 29.29
0 666.45 325.81 20.07 33.29
0 646.88 330.83 19.07 35.30
0 618.78 326.31 27.10 25.91
0 597.20 358.92 40.15 21.27
0 555.55 344.37 17.06 33.92
0 489.80 336.85 36.13 23.27
0 430.08 284.17 31.11 38.29
0 425.06 321.30 37.14 32.29
0 516.90 379.99 26.10 34.91
0 537.98 366.44 22.08 35.92
0 490.31 392.53 29.11 37.91
0 446.14 397.05 31.11 30.88
0 425.06 374.48 39.14 26.30
0 411.52 344.88 30.11 27.28
0 600.21 408.09 30.11 35.35
0 634.84 383.51 25.09 28.31
0 654.91 402.57 29.11 18.29
0 681.51 376.49 20.07 32.32
0 650.39 433.18 22.08 37.37
0 697.57 433.68 24.09 34.36
0 673.98 432.18 19.07 41.38
0 604.73 469.30 35.13 29.36
0 618.78 444.21 29.11 21.32
0 375.88 326.82 27.10 21.25
0 303.62 261.09 35.13 31.97
0 311.15 338.86 38.14 31.29
0 317.67 315.27 33.12 29.93
0 366.85 372.47 41.15 22.28
0 764.31 377.99 41.15 17.27
0 772.34 349.39 33.12 24.28
0 735.71 367.45 32.12 27.89
0 736.21 321.80 23.08 31.28
0 732.70 406.59 22.08 36.35
0 776.36 410.10 23.08 35.35
0 737.21 464.28 27.10 27.35
0 729.69 437.19 34.13 23.33
0 782.88 474.32 38.14 27.36
0 821.52 466.29 21.08 37.39
0 822.53 384.00 29.11 26.88
0 819.52 353.41 23.08 34.31
0 802.45 328.32 21.08 32.29
0 751.27 276.14 23.08 35.97
0 722.66 245.54 26.10 39.27
0 686.03 216.94 25.09 32.23
0 655.91 201.39 35.13 29.21
0 627.81 153.23 31.11 37.21
0 564.08 151.73 28.10 42.22
0 589.17 168.78 28.10 40.23
0 646.38 174.80 48.18 20.16
0 721.66 187.34 36.13 27.19
0 750.26 216.95 25.09 40.25
0 790.91 256.58 34.13 39.27
0 818.51 229.49 19.07 45.28
0 849.63 375.98 29.11 29.31
0 863.18 362.94 30.11 29.30
0 884.76 312.26 41.15 23.91
0 892.79 284.67 39.14 27.25
0 969.57 316.28 32.12 22.25
0 899.31 359.42 26.10 27.89
0 905.33 333.34 24.09 20.25
0 929.92 319.29 29.11 28.27
0 848.12 440.20 24.09 29.35
0 890.78 410.10 21.08 31.34
0 314.66 373.97 39.14 32.90
0 669.97 493.87 25.09 31.83
