0 607.88 224.51 22.29 39.63
0 649.20 211.93 40.00 32.33
0 638.10 172.23 19.41 43.86
0 603.04 179.76 30.48 36.18
0 530.24 151.71 19.64 45.05
0 514.26 102.31 41.27 25.82
0 492.45 69.15 31.75 39.04
0 396.58 130.69 47.85 19.24
0 561.45 145.63 23.63 41.00
0 585.40 148.10 24.43 34.58
0 617.54 120.17 38.38 38.80
0 683.52 178.91 43.68 23.12
0 732.05 157.10 35.19 29.85
0 512.08 192.89 35.29 36.47
0 553.56 229.67 30.56 33.73
0 521.56 283.61 26.66 40.93
0 559.61 305.23 36.17 25.72
0 646.11 325.27 24.06 44.67
0 645.11 287.75 33.43 29.71
0 694.52 287.01 20.21 44.47
0 713.19 304.94 31.58 38.12
0 586.84 373.32 45.17 25.50
0 563.34 344.54 25.77 49.13
0 523.52 357.42 41.93 27.80
0 512.45 319.86 36.03 30.62
0 423.92 250.98 52.20 17.89
0 439.53 205.97 29.84 41.52
0 424.11 185.64 28.22 34.96
0 346.95 276.06 44.39 32.01
0 342.01 229.51 48.58 35.72
0 389.42 175.91 40.34 23.76
0 505.51 248.85 19.60 35.36
0 422.91 362.72 38.63 28.91
0 464.00 371.17 45.86 27.63
0 431.46 395.96 38.56 22.02
0 472.73 400.61 38.34 29.75
0 391.51 381.81 30.47 38.98
0 380.62 332.46 35.23 35.53
0 327.79 313.66 37.29 29.15
0 333.53 356.83 45.67 26.51
0 363.84 376.24 21.96 38.77
0 546.53 393.98 29.81 43.02
0 568.32 426.22 20.30 46.62
0 535.53 440.70 39.04 31.86
0 600.14 405.54 26.19 41.17
0 601.53 327.81 30.52 43.41
0 628.46 423.22 23.49 49.99
0 653.79 443.94 21.07 38.35
0 600.96 441.18 38.75 29.69
0 596.67 467.93 31.72 30.10
0 552.49 476.58 44.86 25.56
0 606.35 502.41 30.80 33.49
0 648.61 484.42 51.30 24.07
0 547.28 508.61 29.74 38.10
0 571.72 504.32 31.94 31.08
0 482.98 452.85 44.80 23.37
0 504.63 474.28 41.25 28.75
0 605.18 529.48 48.75 20.50
0 599.79 549.87 41.09 22.26
0 658.83 527.77 28.03 45.19
0 676.96 502.76 31.50 18.59
0 691.05 436.28 33.13 32.39
0 729.44 372.92 44.34 24.33
0 690.80 353.23 27.95 39.60
0 664.01 358.20 29.02 33.92
0 636.44 368.49 31.65 38.88
0 750.66 328.65 43.06 26.34
0 756.97 269.51 27.59 43.89
0 774.54 234.60 23.68 42.78
0 798.20 229.21 28.86 19.51
0 836.74 219.81 34.11 24.12
0 786.57 292.36 33.69 20.90
0 755.73 303.07 32.91 23.59
0 770.81 401.73 39.65 31.98
0 729.30 416.70 34.69 27.57
0 758.36 428.76 16.30 36.08
0 776.31 434.12 27.23 29.62
0 790.79 457.39 43.69 35.57
0 818.22 441.46 31.41 33.38
0 823.40 418.22 32.40 25.94
0 830.46 379.80 32.47 31.85
0 874.42 531.09 28.28 33.09
0 860.33 542.26 26.65 32.02
0 846.64 579.23 24.24 40.37
0 830.74 554.61 20.55 44.22
0 805.27 524.24 28.93 39.69
0 801.33 557.55 22.61 45.42
0 702.05 551.28 39.52 28.18
0 701.66 520.91 40.30 23.66
0 698.78 474.36 24.76 42.98
0 519.95 407.60 37.55 37.48
0 738.52 553.67 21.91 39.21
0 766.45 561.08 35.61 24.38
0 647.30 592.58 28.38 43.66
0 630.73 560.73 37.40 39.28
0 587.12 643.17 42.30 26.19
0 607.10 667.90 46.34 33.48
0 541.67 701.97 46.63 36.05
0 705.42 697.84 38.45 24.67
0 739.52 697.17 27.02 37.37
0 707.65 586.06 22.63 36.86
0 787.49 330.19 26.16 52.84
0 809.52 340.80 21.83 44.39
0 839.86 329.77 40.63 23.89
0 873.04 388.30 39.57 47.28
0 867.29 301.00 28.35 41.71
0 818.71 262.29 26.16 48.19
0 906.96 275.10 51.20 25.41
0 925.65 328.81 46.44 32.90
0 994.49 345.27 43.59 28.36
0 946.70 293.01 37.00 37.82
0 886.13 449.89 36.09 25.25
0 864.02 458.19 27.79 35.61
0 851.92 473.90 36.37 31.13
0 896.77 494.37 26.15 29.91
0 915.54 503.31 34.02 29.06
0 925.55 472.06 35.30 30.56
0 926.22 535.31 22.60 43.09
0 903.51 598.67 39.63 19.93
0 461.13 661.92 26.06 48.07
0 495.19 666.92 31.74 56.51
0 247.45 143.31 39.01 19.44
0 266.69 190.42 43.12 23.11
0 294.33 263.43 53.12 31.73
0 298.37 348.39 39.36 37.72
0 802.89 204.34 35.10 29.10
0 871.76 251.17 46.38 29.08
0 722.41 488.93 27.17 26.83
0 742.82 496.80 28.94 39.45
0 821.76 495.03 22.90 35.91
0 728.20 447.15 34.05 19.79
0 690.27 396.10 34.69 41.03
0 1028.34 288.81 51.20 31.85
0 1085.85 301.40 48.95 29.84
0 1133.20 324.41 31.49 48.67
0 1024.40 428.97 29.72 26.65
0 1047.80 462.80 49.34 33.12
0 1026.91 487.59 26.25 45.31
0 996.01 479.52 32.43 44.46
0 985.23 595.21 60.16 27.72
0 970.32 556.09 40.54 39.56
0 966.15 363.67 28.80 33.71
0 1063.39 363.24 38.73 26.95
0 1121.39 372.57 48.13 42.47
0 671.23 324.31 19.40 36.87
0 735.09 200.16 61.30 42.27
0 253.91 383.65 50.05 44.81
0 681.61 149.72 41.00 28.06
0 954.64 434.57 31.94 26.10
0 875.26 210.43 28.92 35.11
0 911.66 240.76 32.51 33.97
0 615.85 84.96 48.95 25.17
0 926.27 411.10 37.00 21.19
0 917.59 389.25 43.13 21.10
0 475.37 240.43 32.06 25.44
0 567.78 187.79 35.77 31.45
0 966.29 406.80 23.88 42.32
