0 631.95 252.54 37.12 27.96
0 649.58 224.23 24.13 32.36
0 659.32 179.24 25.06 42.59
0 609.21 183.88 21.34 38.88
0 578.59 197.33 21.34 37.94
0 588.80 247.44 41.76 38.16
0 490.90 231.19 20.42 40.71
0 472.34 187.60 38.97 24.21
0 520.13 160.22 32.48 49.10
0 557.25 151.87 32.48 41.68
0 617.57 132.39 28.77 39.84
0 596.69 141.20 31.55 29.63
0 553.07 116.62 35.26 30.57
0 494.15 107.35 45.47 17.67
0 719.64 275.25 19.49 37.90
0 743.31 272.02 20.42 33.53
0 689.02 211.72 38.05 26.08
0 774.39 211.25 26.91 34.43
0 721.03 241.40 31.55 18.67
0 685.31 243.25 19.49 31.42
0 680.20 271.09 35.26 27.97
0 645.41 306.80 38.05 21.18
0 652.83 281.76 32.48 17.77
0 591.12 316.55 31.55 20.57
0 637.98 346.70 38.05 19.66
0 607.82 341.59 22.27 36.93
0 582.30 347.63 30.62 30.79
0 560.03 357.83 30.62 17.81
0 463.52 296.59 34.33 26.75
0 515.95 255.78 20.42 38.16
0 479.76 267.84 27.84 32.60
0 465.38 362.00 26.91 33.21
0 437.54 344.38 36.19 18.73
0 454.71 323.97 33.41 26.14
0 474.66 391.69 28.77 33.60
0 534.98 451.53 36.19 17.87
0 619.89 379.16 31.55 19.28
0 567.46 391.23 36.19 23.40
0 509.92 380.10 25.06 32.67
0 526.16 398.65 29.70 38.25
0 586.48 437.60 33.41 30.38
0 560.96 437.14 23.20 22.03
0 734.03 365.25 29.70 27.09
0 801.30 323.04 38.05 20.58
0 769.29 344.84 20.42 28.94
0 738.20 310.05 19.49 37.27
0 698.30 336.03 32.48 24.29
0 675.10 372.20 23.20 35.06
0 698.30 387.05 23.20 39.17
0 664.89 417.20 28.77 30.84
0 621.74 415.81 33.41 28.05
0 595.76 406.99 24.13 24.83
0 420.37 296.13 31.55 25.83
0 450.53 241.86 19.49 39.77
0 423.62 241.39 25.06 35.13
0 396.24 246.96 18.56 36.99
0 423.16 203.83 40.83 21.43
0 405.06 274.79 39.90 23.98
0 345.21 258.10 35.26 22.39
0 354.02 285.93 32.48 27.98
0 402.74 326.75 33.41 31.71
0 363.77 304.95 16.70 28.92
0 398.10 370.82 35.26 23.39
0 438.00 378.70 29.70 29.89
0 470.48 151.42 31.55 24.19
0 697.84 168.57 18.56 43.53
0 841.21 280.82 32.48 30.47
0 847.70 317.94 34.33 28.92
0 879.25 349.48 38.05 23.37
0 831.93 356.90 21.34 40.08
0 773.00 408.39 24.13 33.61
0 747.02 388.91 20.42 39.17
0 651.44 493.73 33.41 31.28
0 857.91 243.25 28.77 36.99
0 880.65 305.87 14.85 37.88
0 899.21 291.97 18.56 43.75
0 875.54 413.95 39.90 20.19
0 848.63 459.40 17.63 36.86
0 375.36 203.37 19.49 37.20
0 574.88 509.04 34.33 27.18
0 558.64 478.43 22.27 30.87
0 259.37 336.96 23.20 42.85
0 264.47 276.18 35.26 28.62
0 237.10 249.74 36.19 27.71
0 198.12 278.05 41.76 23.33
0 274.22 212.64 30.62 35.15
0 207.87 318.87 33.41 36.34
0 341.96 359.69 26.91 30.80
0 330.82 313.30 47.33 19.64
0 188.84 243.72 38.05 19.60
0 217.15 214.03 18.56 43.50
0 231.53 368.50 26.91 33.59
0 933.54 285.92 25.98 31.40
0 945.60 248.82 38.97 25.85
0 906.63 425.09 27.84 28.06
0 991.07 418.59 22.27 29.91
0 1023.55 421.84 29.70 38.26
0 1069.02 370.82 29.70 30.81
0 1092.69 336.49 41.76 28.93
0 1090.83 304.95 30.62 27.06
0 1051.86 298.46 17.63 32.62
0 1007.78 361.54 37.12 19.67
0 981.80 389.36 31.55 22.99
0 888.07 469.61 29.70 31.29
0 869.51 378.23 27.84 24.85
0 811.05 428.33 25.98 23.42
0 781.82 445.96 32.48 25.29
0 739.13 450.14 19.49 35.49
0 813.37 448.28 36.19 22.50
0 702.48 516.46 16.70 43.32
0 664.43 649.18 22.27 35.94
0 620.35 546.21 19.49 38.22
0 649.12 567.55 30.62 45.65
0 675.10 538.79 23.20 40.07
0 558.18 538.78 32.48 32.29
0 587.41 558.27 33.41 32.66
0 753.51 240.47 25.98 36.99
0 788.31 238.61 36.19 24.00
0 351.43 147.17 42.86 20.74
0 441.38 104.91 42.75 40.65
0 726.00 512.36 20.90 37.78
0 748.12 514.38 25.14 41.82
0 775.55 501.45 28.87 51.52
0 405.92 169.01 42.96 39.97
0 844.99 210.46 26.10 38.45
0 817.33 213.08 18.79 31.47
0 825.16 404.56 28.18 32.07
0 750.52 170.29 29.23 31.44
0 632.05 451.52 32.36 30.57
0 811.82 572.73 38.18 21.82
0 750.00 543.18 41.82 22.73
0 771.36 569.09 39.09 25.45
0 732.27 570.45 44.55 24.55
0 765.45 596.82 43.64 24.55
0 770.45 628.18 37.27 32.73
0 732.73 610.00 29.09 36.36
0 725.45 680.00 36.36 43.64
0 763.18 680.00 28.18 43.64
0 845.45 567.27 25.45 49.09
0 869.09 597.27 21.82 49.09
0 981.36 639.55 37.27 44.55
0 964.09 680.00 24.55 41.82
0 945.91 659.09 44.55 40.00
0 990.00 683.64 23.64 30.91
0 1041.82 522.73 23.64 50.91
0 1053.18 470.00 44.55 34.55
0 1008.64 483.64 35.45 36.36
0 493.18 437.27 53.64 34.55
0 637.27 661.82 40.00 23.64
0 627.27 618.64 30.91 33.64
0 627.27 589.09 34.55 38.18
0 619.55 645.00 53.64 22.73
0 593.64 669.09 41.82 36.36
0 604.55 702.73 30.91 34.55
