0 526.60 154.01 36.29 35.44
0 532.25 205.05 33.39 46.87
0 416.84 284.73 38.08 41.01
0 612.51 255.73 26.36 38.08
0 638.00 403.07 42.18 23.43
0 486.55 257.78 34.57 37.49
0 444.37 217.06 39.25 33.39
0 665.53 256.90 26.95 48.63
0 757.81 391.65 31.05 42.77
0 696.00 408.05 35.15 39.25
0 695.41 375.24 43.35 20.51
0 613.69 361.47 45.11 22.26
0 543.38 275.35 34.57 31.64
0 527.56 241.67 35.74 24.02
0 735.84 327.20 43.35 25.19
0 790.61 350.34 42.77 29.29
0 655.57 427.97 38.67 24.02
0 784.17 442.91 36.91 22.26
0 815.51 479.82 41.01 21.09
0 806.14 382.86 38.67 32.22
0 710.35 256.31 26.36 41.60
0 795.01 422.11 39.84 27.54
0 523.46 351.51 47.45 23.43
0 788.86 317.53 36.91 31.64
0 645.62 314.90 26.95 43.94
0 730.86 377.29 24.02 41.01
0 848.57 364.06 36.33 23.41
0 563.28 149.57 18.68 39.27
0 734.05 414.54 21.35 30.99
0 691.95 493.52 31.93 22.94
0 702.76 447.52 17.14 34.04
0 845.48 549.98 35.35 20.92
0 713.77 528.66 22.43 41.01
0 571.55 690.87 23.03 43.84
0 592.34 666.73 17.87 35.33
0 605.82 636.14 24.10 39.74
0 609.41 606.04 31.93 32.43
0 543.33 682.37 24.30 40.49
0 656.23 639.35 39.23 20.73
0 678.72 606.01 33.34 29.02
0 642.48 601.72 19.08 36.52
0 655.50 571.36 36.42 26.00
0 711.76 579.16 38.49 22.18
0 1002.66 300.86 37.89 25.21
0 964.30 284.12 21.42 37.26
0 975.51 321.58 20.42 35.19
0 388.36 231.20 32.48 33.51
0 354.49 232.12 31.55 35.14
0 388.82 260.42 40.83 23.32
0 434.29 350.40 25.98 36.00
0 396.71 360.61 28.77 43.79
0 533.12 395.87 25.06 30.82
0 692.27 310.52 33.41 30.77
0 683.92 351.33 29.70 32.29
0 641.23 460.34 35.26 24.37
0 617.10 436.21 22.27 31.31
0 589.26 459.88 29.70 27.15
0 599.47 382.41 27.84 28.03
0 570.70 389.84 22.27 35.46
0 863.94 412.10 25.98 35.47
0 880.65 383.81 16.70 34.53
0 879.25 321.65 19.49 34.49
0 771.61 272.94 34.33 20.55
0 796.66 246.04 23.20 35.37
0 773.93 237.69 20.42 39.08
0 745.16 247.90 25.98 26.10
0 721.50 203.36 23.20 33.30
0 587.87 231.66 28.77 30.73
0 670.00 136.57 37.12 26.03
0 642.62 163.93 28.77 28.69
0 604.57 146.30 28.77 37.97
0 602.72 113.84 38.05 28.80
0 554.00 112.91 33.41 30.57
0 606.89 182.95 27.84 37.02
0 534.98 309.13 32.48 29.85
0 611.53 500.22 37.12 33.13
0 613.39 547.08 40.83 29.06
0 672.32 542.44 28.77 38.33
0 726.60 548.94 33.41 30.91
0 750.73 503.01 29.70 27.56
0 868.58 523.89 31.55 25.33
0 819.86 534.09 15.78 34.62
0 730.31 441.78 25.98 27.59
0 729.39 472.39 24.13 36.85
0 866.26 275.73 28.77 29.83
0 847.24 243.25 40.83 20.29
0 909.41 324.90 31.55 29.85
0 944.21 327.67 32.48 31.37
0 935.86 357.37 38.05 28.02
0 964.16 401.90 33.41 29.90
0 904.77 415.35 18.56 34.55
0 316.44 377.31 27.84 38.23
0 351.24 177.38 28.77 40.74
0 217.61 323.96 34.33 27.66
0 145.23 311.91 23.20 42.83
0 196.27 279.89 19.49 37.89
0 580.91 411.17 27.84 26.19
0 758.15 300.77 33.41 31.69
0 547.04 430.65 30.62 25.75
0 755.37 536.41 25.98 31.83
0 831.93 439.92 23.20 35.02
0 867.19 456.62 32.48 25.73
0 921.48 501.62 22.27 29.03
0 1005.46 267.38 32.48 31.68
0 933.08 262.28 25.06 40.02
0 348.45 285.00 34.33 33.25
