0 492.81 265.61 32.12 31.25
0 519.91 266.62 30.11 33.25
0 547.52 284.17 17.06 31.96
0 566.59 299.23 19.07 38.29
0 591.18 223.46 20.07 39.02
0 555.04 223.46 32.12 18.95
0 569.60 189.34 21.08 31.01
0 499.34 216.44 29.11 27.20
0 449.66 212.93 38.14 24.19
0 440.62 280.66 34.13 23.23
0 411.01 250.06 37.14 24.21
0 512.89 308.26 24.09 24.25
0 483.28 291.69 19.07 30.95
0 683.01 310.26 31.11 18.23
0 681.01 292.70 33.12 17.22
0 606.73 279.16 39.14 22.22
0 623.29 383.51 38.14 24.29
0 512.89 352.90 32.12 32.92
0 562.07 351.40 28.10 28.29
0 488.30 340.86 33.12 28.91
0 465.21 309.76 33.12 31.27
0 812.49 253.06 31.11 33.98
0 839.09 291.19 34.13 27.94
0 861.67 322.80 27.10 32.94
0 817.51 351.89 19.07 38.94
0 796.43 349.39 19.07 39.95
0 733.70 359.43 24.09 40.33
0 706.60 329.33 36.13 24.26
0 678.50 340.87 32.12 31.29
0 771.84 274.64 36.13 23.22
0 745.24 198.87 31.11 48.06
0 665.45 247.55 32.12 27.22
0 637.35 177.81 40.15 22.16
0 627.81 142.70 41.15 28.16
0 505.36 183.33 33.12 29.19
0 602.22 349.90 30.11 39.32
0 575.62 387.52 39.14 28.31
0 541.49 372.47 27.10 34.32
0 816.00 409.60 36.13 32.33
0 946.99 306.75 33.12 41.31
0 907.84 321.29 37.14 27.92
0 901.82 351.90 33.12 26.90
0 845.11 364.45 34.13 20.27
0 842.60 384.01 31.11 21.28
0 888.27 386.52 32.12 26.30
0 840.09 329.83 28.10 31.28
0 661.94 216.95 33.12 28.21
0 659.93 188.34 39.14 27.00
0 824.54 488.87 31.11 28.37
0 865.19 438.20 30.11 33.36
0 851.64 417.62 27.10 27.86
0 776.86 434.18 18.07 41.38
0 700.58 486.35 26.10 34.85
0 407.50 204.41 26.10 41.24
0 637.85 467.30 33.12 29.36
0 691.55 373.48 32.12 24.29
0 711.62 448.73 34.13 30.35
