0 585.31 222.14 34.41 28.25
0 613.69 148.00 42.64 28.50
0 565.91 141.81 26.80 35.92
0 523.73 154.34 37.51 20.76
0 623.56 119.06 37.13 22.00
0 670.35 136.86 37.63 23.55
0 677.40 203.83 30.95 31.24
0 652.77 232.49 38.13 20.47
0 553.99 77.25 20.30 36.79
0 601.43 79.61 20.11 41.50
0 427.02 63.98 29.65 35.61
0 430.02 148.47 36.89 24.49
0 396.32 270.36 37.32 16.38
0 392.36 303.01 35.34 22.89
0 315.77 376.51 16.34 36.81
0 392.55 358.56 20.73 38.04
0 433.09 352.21 20.11 29.68
0 572.00 340.30 34.91 18.85
0 623.50 353.54 32.93 15.63
0 604.80 378.17 33.17 22.81
0 535.61 482.03 19.06 37.43
0 587.10 508.99 15.60 39.97
0 569.28 481.72 32.43 23.18
0 414.09 419.37 20.49 38.97
0 482.01 371.93 18.82 31.36
0 537.37 306.60 32.49 31.29
0 446.76 310.87 21.48 33.64
0 315.96 281.03 26.61 28.44
0 279.66 447.16 21.48 33.90
0 249.55 454.43 18.82 29.25
0 283.43 485.50 34.10 29.50
0 252.02 486.45 26.24 24.91
0 217.36 465.81 28.10 24.79
0 156.00 188.95 35.26 25.89
0 293.98 99.09 32.89 37.51
0 351.62 176.23 27.36 40.78
0 720.16 191.01 24.99 31.58
0 752.58 181.12 32.89 35.53
0 745.26 230.39 22.22 34.44
0 715.65 228.29 27.04 27.87
0 773.65 241.82 23.64 40.69
0 809.70 267.40 37.08 16.74
0 791.00 201.05 21.19 37.43
0 764.59 274.83 25.30 28.43
0 783.57 304.44 15.81 33.10
0 753.84 305.07 29.10 21.72
0 878.33 320.61 17.95 33.03
0 883.20 280.52 28.46 39.82
0 805.43 316.58 23.48 32.87
0 971.12 320.69 27.20 31.61
0 942.93 323.82 31.71 29.16
0 880.11 383.79 17.24 28.12
0 959.18 407.59 36.53 20.38
0 775.78 425.94 16.84 31.77
0 797.64 466.66 15.50 29.40
0 803.81 349.18 25.93 15.05
0 677.93 408.53 30.99 31.76
0 642.51 389.28 29.10 33.57
0 827.97 483.22 27.44 28.54
0 900.59 400.07 28.46 29.06
0 807.77 395.72 24.35 25.11
0 770.01 373.70 18.42 32.46
0 939.93 427.95 31.23 14.44
0 862.64 517.84 41.12 28.19
0 918.15 444.47 24.99 14.28
0 891.89 474.40 30.05 22.75
0 971.44 507.29 16.45 34.77
0 810.06 617.91 19.45 41.88
0 710.67 585.69 24.99 31.05
0 759.06 546.07 26.88 32.46
0 664.93 583.19 34.08 22.10
0 703.39 646.37 26.25 29.85
0 684.93 681.67 36.77 20.60
0 734.86 689.50 29.10 28.36
0 745.93 668.71 29.10 29.46
0 700.63 608.58 31.47 20.05
0 675.48 625.18 37.48 15.95
0 725.73 444.23 15.26 31.20
0 705.29 444.47 17.40 30.09
0 949.38 542.95 14.71 28.60
0 916.52 671.56 33.76 28.84
0 845.05 538.91 31.23 15.86
0 840.34 282.33 31.94 22.88
0 710.35 384.82 24.35 34.94
0 734.98 380.83 23.64 37.23
0 624.09 298.64 46.36 24.55
0 686.93 264.70 21.50 36.85
0 709.34 265.01 19.65 39.92
0 639.94 319.05 34.39 20.27
0 523.56 240.44 33.78 20.27
0 588.35 444.34 36.85 31.32
0 615.38 183.02 40.53 29.48
0 627.66 208.50 44.22 28.87
0 444.03 214.65 34.39 38.69
0 963.29 284.66 35.01 28.87
0 1019.18 463.68 36.23 24.57
0 937.50 594.80 23.95 42.38
0 978.03 577.30 22.72 40.53
0 994.61 597.26 21.50 41.15
0 1020.41 568.70 38.69 28.25
0 1036.99 604.63 28.87 27.64
0 1048.66 639.02 37.46 41.15
0 1031.46 652.84 27.64 34.39
0 706.27 465.53 34.39 23.34
0 625.00 444.09 33.64 37.27
0 610.45 259.09 24.55 45.45
0 534.24 206.58 33.56 31.97
0 485.00 254.09 35.45 33.64
0 642.27 509.09 28.18 43.64
0 660.00 477.73 30.91 33.64
0 609.09 500.45 32.73 33.64
0 618.64 531.82 35.45 21.82
0 675.00 536.82 31.82 31.82
0 726.36 530.45 36.36 39.09
0 760.91 355.91 21.82 40.91
0 380.00 500.45 36.36 30.00
0 559.55 522.73 30.00 45.45
0 373.18 230.00 42.73 32.73
0 797.73 565.45 30.00 47.27
0 667.73 646.36 50.00 29.09
0 622.27 616.82 31.82 42.73
0 651.82 609.09 34.55 29.09
0 882.27 600.00 26.36 40.00
0 898.18 509.09 27.27 36.36
0 925.91 488.18 26.36 45.45
0 574.55 381.82 20.00 32.73
0 477.73 674.55 44.55 36.36
0 1005.45 266.36 38.18 32.73
0 690.45 346.82 35.45 40.91
0 646.82 164.09 22.73 46.36
0 480.00 125.45 27.27 49.09
0 501.82 507.27 45.45 47.27
0 397.73 550.45 31.82 39.09
0 601.36 703.18 53.64 33.64
0 288.64 193.64 48.18 25.45
0 140.91 304.09 25.45 44.55
0 864.09 416.36 31.82 52.73
0 826.36 238.18 34.55 30.91
0 926.36 264.09 30.91 50.00
0 559.55 589.09 26.36 40.00
0 345.00 445.45 33.64 41.82
0 580.45 407.73 24.55 22.73
0 604.55 406.82 23.64 24.55
0 758.18 494.09 23.64 40.91
0 804.55 518.18 30.91 43.64
0 743.64 579.09 40.00 25.45
0 253.18 386.36 44.55 38.18
0 106.36 574.55 43.64 30.91
0 92.73 391.82 34.55 41.82
0 580.45 660.91 26.36 47.27
