0 521.92 158.69 31.70 42.15
0 584.74 225.61 25.83 40.06
0 470.85 201.54 37.57 20.09
0 483.18 108.81 29.35 41.17
0 432.10 211.51 23.48 30.38
0 465.56 238.52 31.70 33.03
0 497.85 291.92 32.88 31.50
0 623.49 296.61 18.79 38.54
0 599.42 291.92 22.31 40.89
0 547.76 185.69 27.01 32.74
0 681.61 226.19 22.31 36.54
0 664.59 203.30 39.92 21.27
0 435.62 254.37 28.18 36.56
0 417.42 277.25 43.44 28.35
0 436.80 309.54 30.53 29.55
0 518.99 317.75 25.83 31.90
0 533.08 242.04 35.23 23.64
0 585.92 319.50 28.18 27.97
0 607.05 351.79 32.88 29.57
0 637.58 360.01 28.18 27.23
0 655.78 293.10 34.05 24.84
0 607.64 434.55 36.40 23.75
0 631.71 411.66 30.53 31.95
0 599.42 401.10 29.35 34.30
0 846.00 321.26 24.66 40.88
0 796.10 302.48 32.88 31.50
0 756.17 304.83 35.23 24.45
0 729.17 318.34 23.48 40.12
0 700.99 309.54 32.88 31.89
0 693.35 331.84 34.05 29.56
0 648.74 321.27 27.01 31.90
0 677.50 379.97 23.48 36.63
0 705.10 371.16 22.31 40.15
0 763.81 401.68 36.40 28.43
0 789.05 422.81 39.92 28.44
0 452.06 362.95 23.48 37.79
0 418.60 360.60 22.31 33.10
0 464.39 327.73 29.35 35.43
0 488.46 321.27 21.14 34.25
0 532.49 362.95 19.96 35.45
0 503.72 401.09 39.92 22.05
0 517.81 379.37 32.88 37.32
0 657.54 445.69 30.53 29.07
0 682.79 429.27 27.01 34.31
0 733.86 422.22 30.53 27.27
0 708.62 426.92 22.31 34.31
0 814.88 356.49 23.48 36.62
0 795.51 363.52 22.31 33.81
0 780.83 338.88 32.88 34.26
0 737.39 389.36 25.83 29.59
0 748.54 364.70 43.44 22.54
0 828.39 480.33 31.70 23.78
0 568.89 119.96 22.31 42.35
0 884.75 254.94 43.44 20.96
0 852.46 269.63 35.23 34.22
0 886.51 301.32 18.79 41.28
0 865.37 419.28 32.88 30.25
0 1037.98 326.55 39.92 25.61
0 1062.05 308.94 29.35 39.71
0 975.74 331.83 18.79 40.87
0 1006.27 341.81 25.83 30.30
0 898.84 466.83 34.05 24.94
0 718.60 455.09 21.14 29.63
0 770.85 447.45 31.70 25.54
0 262.43 303.08 36.40 33.06
0 213.70 344.16 39.92 20.91
0 210.18 306.60 39.92 33.07
0 193.15 288.41 41.10 31.88
0 230.14 269.04 32.88 44.78
0 175.54 249.07 48.14 25.66
0 149.71 318.34 22.31 42.46
0 399.22 177.47 37.57 21.01
0 435.62 122.90 28.18 52.91
0 362.82 193.33 23.48 43.56
0 597.66 500.28 32.88 30.21
0 589.44 468.59 35.23 26.12
0 631.71 469.77 42.27 35.51
0 686.31 486.20 38.75 23.78
0 735.04 503.81 21.14 40.23
0 696.29 632.93 23.48 42.65
0 745.02 615.91 29.35 39.12
0 791.99 604.76 19.96 30.89
0 772.61 622.95 21.14 43.82
0 739.15 679.30 24.66 43.85
0 703.33 683.99 21.14 36.81
0 657.54 614.15 23.48 40.29
0 681.61 598.89 19.96 47.32
0 662.83 561.91 22.31 36.74
0 674.57 524.35 29.35 36.72
0 797.86 506.73 34.05 26.68
0 769.68 515.54 24.66 30.84
0 764.39 489.71 37.57 32.56
0 927.02 269.63 24.66 36.57
0 1009.21 271.39 17.61 37.74
0 986.90 260.82 22.31 42.43
0 1015.67 407.55 30.53 16.69
0 392.18 398.75 35.23 22.56
0 428.58 398.75 23.48 36.64
0 561.26 408.72 35.23 28.43
0 981.03 497.35 15.26 32.00
