0 237.14 252.31 37.14 38.34
0 431.43 350.14 25.71 39.71
0 548.57 84.50 25.71 39.86
0 520.00 89.50 25.71 44.15
0 667.86 130.20 35.71 39.84
0 607.14 143.06 34.29 25.55
0 1049.29 219.47 24.29 38.36
0 537.86 494.38 30.00 42.48
0 590.71 233.03 27.14 42.63
0 642.86 260.88 22.86 44.05
0 687.14 217.32 45.71 25.50
0 543.57 158.77 35.71 45.53
0 566.43 142.34 27.14 46.97
0 612.86 256.61 34.29 44.50
0 640.00 158.78 28.57 54.44
0 750.71 189.48 47.14 21.24
0 765.00 209.48 38.57 35.90
0 909.29 287.30 47.14 28.32
0 599.29 672.90 41.43 22.38
0 597.86 702.18 44.29 23.79
0 205.71 380.86 31.43 50.28
0 202.14 343.01 38.57 34.55
0 177.14 328.73 31.43 43.11
0 145.71 310.88 37.14 38.82
0 344.29 257.31 42.86 34.05
0 442.14 218.75 32.86 39.79
0 633.57 405.85 35.71 31.73
0 807.86 448.68 30.00 42.51
0 847.86 447.26 47.14 28.90
0 972.86 316.58 31.43 41.16
0 578.57 365.14 45.71 23.99
0 500.00 218.04 37.14 35.50
0 864.29 305.87 22.86 39.73
0 761.43 280.88 40.00 29.75
0 785.71 312.29 40.00 38.30
0 707.14 252.31 28.57 41.19
0 717.14 584.37 51.43 23.27
0 762.14 615.06 24.29 66.69
0 635.71 622.21 57.14 30.43
0 648.57 581.50 28.57 45.28
0 317.86 377.27 24.29 45.41
0 260.71 486.53 44.29 29.63
0 414.29 246.61 42.86 41.64
0 594.29 292.31 37.14 35.95
0 865.00 244.47 52.86 34.49
0 1032.86 263.74 22.86 38.33
0 1075.00 236.60 24.29 46.92
0 1133.57 373.71 50.00 27.43
0 852.14 350.14 32.86 39.71
0 698.57 369.43 34.29 33.14
0 523.57 310.88 47.14 30.25
0 775.00 459.39 27.14 32.50
0 822.14 555.81 30.00 40.39
0 658.57 480.10 40.00 33.92
0 734.29 434.41 22.86 34.61
0 835.71 276.59 34.29 29.75
0 475.00 92.36 44.29 27.01
0 487.14 121.65 42.86 34.42
0 685.71 175.92 34.29 43.02
0 565.71 410.13 42.86 34.59
0 685.71 425.84 37.14 31.74
0 998.57 247.32 42.86 28.78
0 619.29 326.58 44.29 38.29
0 577.86 333.73 44.29 38.83
0 764.29 559.37 40.00 33.25
0 712.86 477.26 48.57 28.92
0 397.86 281.60 41.43 28.80
0 517.86 361.56 52.86 53.98
0 782.86 340.15 48.57 28.84
0 745.71 231.62 34.29 40.20
0 633.57 214.47 35.71 39.79
0 729.29 158.78 27.14 45.87
0 585.00 487.25 30.00 40.35
0 732.14 632.21 18.57 47.57
0 653.60 297.26 31.23 28.64
0 721.45 401.06 30.94 33.95
0 682.58 395.52 38.87 27.90
0 666.32 366.18 39.66 31.06
0 667.11 330.89 23.80 35.00
0 740.88 346.35 33.32 18.36
0 830.91 382.43 21.42 35.03
0 784.11 386.00 27.76 35.83
0 754.37 378.07 28.56 21.55
0 755.16 400.67 26.97 25.53
0 647.28 433.58 42.83 18.41
0 811.88 396.30 19.83 33.95
0 798.79 498.21 30.14 38.27
0 891.99 352.70 21.42 38.98
0 909.05 325.73 19.04 34.20
0 796.41 266.26 36.49 32.58
0 797.20 239.30 38.08 27.81
0 868.20 509.30 32.52 34.68
0 887.23 495.82 30.94 33.10
0 924.91 406.22 31.73 31.87
0 629.43 351.11 29.35 32.63
0 603.26 450.23 38.87 20.00
0 840.43 311.45 21.42 32.42
0 893.58 410.98 21.42 35.05
0 863.44 378.07 18.24 32.65
0 971.32 418.12 29.35 36.64
0 781.73 429.61 29.35 27.59
0 815.05 329.30 23.00 35.00
0 618.33 477.59 16.66 35.09
0 647.68 458.56 30.94 28.73
0 706.77 454.98 33.32 27.57
0 1085.54 467.68 27.76 35.87
0 1100.22 393.14 28.56 27.90
0 1122.03 401.86 27.76 26.32
0 1024.86 380.05 36.49 35.03
0 686.54 258.33 24.59 40.51
0 706.77 201.63 28.56 28.58
0 748.42 485.52 27.76 31.92
0 689.32 508.12 25.38 29.55
0 603.26 409.39 21.42 31.57
0 579.46 176.60 32.52 34.22
0 954.66 554.51 16.66 33.55
0 908.25 562.44 19.04 31.48
0 933.64 547.38 22.21 28.78
0 932.84 515.26 30.14 21.63
0 927.69 490.28 18.24 28.75
0 906.27 477.98 24.59 30.73
0 950.69 463.71 24.59 29.15
0 1014.15 477.59 32.52 25.18
0 574.70 436.36 26.18 31.89
0 468.80 397.90 38.08 26.32
0 387.50 376.49 23.00 34.23
0 417.24 395.52 30.14 31.07
0 812.27 161.55 38.08 19.89
0 1050.64 647.34 29.35 35.09
0 1046.67 491.12 34.11 19.14
0 1007.01 312.19 19.83 32.31
0 409.71 113.95 30.94 34.19
0 237.27 526.36 27.27 40.00
0 511.36 657.73 22.73 48.18
0 167.73 380.45 26.36 35.45
0 599.55 579.55 35.45 44.55
0 598.18 630.45 43.64 39.09
0 789.09 540.00 38.18 30.91
