0 620.58 263.34 29.45 30.21
0 662.52 282.53 24.09 36.70
0 619.24 321.33 35.69 23.34
0 575.52 291.00 21.41 34.03
0 598.72 199.57 48.18 18.81
0 531.35 315.53 40.15 27.80
0 492.99 274.04 22.31 40.91
0 466.66 329.79 37.48 29.28
0 600.95 348.98 45.51 26.93
0 575.52 360.58 37.48 23.37
0 720.52 406.06 36.58 26.56
0 770.04 344.08 33.91 34.95
0 737.47 345.85 29.45 22.14
0 729.44 324.89 16.95 39.10
0 760.22 305.27 28.55 26.90
0 760.67 265.57 22.31 41.81
0 720.96 281.19 35.69 34.02
0 707.13 305.71 20.52 34.65
0 686.61 315.97 18.74 40.89
0 688.84 270.03 24.98 34.67
0 687.06 367.71 28.55 30.51
0 680.36 234.36 40.15 25.97
0 585.34 229.00 41.04 22.40
0 639.77 227.22 24.98 34.88
0 637.98 172.81 44.61 22.36
0 624.15 130.88 29.45 38.39
0 595.60 126.42 27.66 38.39
0 502.80 232.13 24.09 39.35
0 792.35 412.76 32.12 24.29
0 746.39 379.75 25.88 34.60
0 886.93 394.47 39.26 28.74
0 1005.60 366.38 51.75 22.48
0 1010.95 308.84 41.04 28.69
0 998.91 329.80 40.15 27.81
0 952.96 298.14 46.40 28.68
0 956.97 340.06 27.66 37.63
0 929.31 342.73 25.88 33.73
0 899.87 340.94 33.01 33.74
0 904.77 289.22 32.12 35.81
0 849.45 301.71 21.41 35.82
0 393.50 324.45 26.77 31.37
0 385.02 283.42 34.80 26.00
0 443.91 209.38 41.94 17.03
0 451.05 255.32 41.94 25.09
0 450.60 279.40 37.48 26.89
0 416.25 266.03 25.88 41.15
0 355.57 345.41 33.01 28.71
0 205.67 260.67 25.88 37.58
0 183.36 313.30 45.51 17.99
0 209.69 291.45 42.83 20.65
0 161.06 291.00 36.58 21.54
0 263.22 329.80 30.34 36.73
0 326.13 315.97 27.66 39.10
0 356.02 310.63 33.91 35.82
0 336.39 288.76 28.55 32.87
0 396.17 354.33 28.55 35.85
0 410.45 377.97 23.20 38.54
0 667.10 131.49 27.31 33.53
0 549.44 190.31 18.91 48.42
0 554.69 136.75 23.11 35.79
0 508.47 176.13 39.92 41.06
0 449.64 176.12 37.82 19.85
0 382.40 186.10 42.02 33.50
0 306.76 235.47 42.02 23.24
0 665.52 398.78 36.77 26.49
0 628.23 364.11 33.62 34.45
0 727.51 223.39 30.47 28.49
0 746.94 183.47 27.31 49.26
0 715.95 180.32 34.67 38.75
0 680.76 186.62 18.91 42.95
0 695.99 206.59 24.16 38.98
0 655.02 200.28 17.86 34.54
0 818.38 395.62 18.91 36.53
0 885.61 461.79 27.31 32.29
0 930.26 386.70 43.07 29.63
0 1093.62 336.28 31.52 46.01
0 438.08 359.92 25.21 30.67
0 741.69 587.83 31.52 37.10
0 702.82 582.56 31.52 36.42
0 708.07 489.10 23.11 34.94
0 631.91 507.47 36.77 39.61
0 493.76 479.65 35.72 30.74
0 480.63 361.50 36.77 31.72
0 686.01 426.61 48.33 25.45
0 850.95 373.05 33.62 27.52
0 847.79 352.57 48.33 22.26
0 762.33 532.71 28.77 31.82
0 856.05 447.81 25.06 39.66
0 774.86 452.46 22.27 32.70
0 751.19 445.50 25.06 29.91
0 821.26 439.93 24.13 31.32
0 832.39 463.13 22.27 29.92
0 798.52 441.79 25.06 31.77
0 631.49 428.33 28.77 34.11
0 646.80 458.96 24.13 32.70
0 572.10 394.47 21.34 36.91
0 767.43 227.03 29.70 27.00
0 796.66 538.74 26.91 32.75
0 214.36 363.40 44.54 23.37
0 222.71 335.10 29.70 31.38
0 243.13 308.66 25.98 26.76
0 279.32 357.36 22.27 40.64
0 926.58 442.25 36.19 17.40
0 304.38 337.43 20.42 36.34
0 103.93 306.81 38.97 28.90
0 997.57 476.58 25.98 23.44
0 1021.23 447.35 19.49 35.02
0 923.80 491.41 21.34 39.64
0 953.49 499.77 28.77 21.60
0 904.31 476.57 17.63 30.37
0 810.58 486.79 26.91 25.30
