0 0.594511 0.230558 0.0328195 0.0460071
0 0.421021 0.573443 0.0267228 0.0572581
0 0.339544 0.545303 0.0318719 0.0441475
0 0.18619 0.415474 0.0298433 0.0517674
0 0.509277 0.271526 0.0291654 0.0510314
0 0.534624 0.952996 0.0300497 0.0619933
0 0.62055 0.792628 0.0284181 0.0485449
0 0.496983 0.334986 0.0379155 0.0383616
0 0.472138 0.654982 0.0289755 0.0516782
0 0.137257 0.467931 0.0297553 0.0475995
0 0.49238 0.227241 0.0412537 0.0412406
0 0.295159 0.379133 0.0401892 0.0394391
0 0.324269 0.487487 0.0176631 0.0652363
0 0.438045 0.478359 0.0319635 0.0481535
0 0.0869931 0.482374 0.0303134 0.0499458
0 0.564876 0.655545 0.0302358 0.0521495
0 0.191329 0.376398 0.029751 0.0516674
0 0.313656 0.241949 0.0352522 0.0310687
0 0.561847 0.598265 0.0247284 0.0519074
0 0.487119 0.518445 0.0369308 0.0364979
0 0.185932 0.732993 0.0313159 0.0416612
0 0.638958 0.488947 0.0198008 0.0625712
0 0.817999 0.34435 0.031284 0.0421689
0 0.553646 0.529663 0.0275902 0.0551093
0 0.35211 0.78397 0.0175163 0.0542902
0 0.744168 0.451647 0.027408 0.0516758
0 0.488488 0.428332 0.0172232 0.0573974
0 0.515034 0.844863 0.0171849 0.0698354
0 0.612903 0.485345 0.0309591 0.047743
0 0.279878 0.214755 0.0162534 0.0530309
0 0.384184 0.949427 0.0152045 0.0628599
0 0.369989 0.65058 0.0308854 0.0407689
0 0.709667 0.570738 0.0309225 0.0325612
0 0.765891 0.371113 0.0303899 0.0430303
0 0.256569 0.177619 0.0339343 0.0506144
0 0.469459 0.81546 0.0162926 0.0516216
0 0.0725778 0.84681 0.0322722 0.0367671
0 0.511444 0.775533 0.0230143 0.0484015
0 0.115311 0.410279 0.0420502 0.0339411
0 0.532704 0.724167 0.0168344 0.0568027
0 0.406425 0.520208 0.0183605 0.0722241
0 0.142839 0.716213 0.0338555 0.0301132
0 0.491578 0.898844 0.0230082 0.0449794
0 0.685732 0.451569 0.0260205 0.0582027
0 0.58897 0.465467 0.033616 0.0448747
0 0.495969 0.839532 0.0163222 0.0608053
0 0.519837 0.512773 0.0194784 0.0601731
0 0.417104 0.679027 0.0170099 0.0553352
0 0.662528 0.365767 0.0348509 0.0417292
0 0.794394 0.314288 0.036226 0.0353109
0 0.594117 0.641776 0.022722 0.0481043
0 0.643884 0.771809 0.0316762 0.0333291
0 0.46695 0.923034 0.0274722 0.0504302
0 0.640086 0.295808 0.0353568 0.0256089
0 0.442544 0.162713 0.0194173 0.0743263
0 0.93533 0.505151 0.0239473 0.0623091
0 0.635525 0.341698 0.0181151 0.0608846
0 0.672731 0.624512 0.0255467 0.0409188
0 0.413833 0.971848 0.0262263 0.0540098
0 0.371019 0.155691 0.0201042 0.0632885
0 0.471253 0.480477 0.0338975 0.0373383
0 0.425679 0.11796 0.0190386 0.0572109
0 0.526689 0.566625 0.0216158 0.050568
0 0.550611 0.806893 0.0249299 0.046234
0 0.403772 0.46482 0.0317469 0.0379363
0 0.305347 0.458624 0.0227675 0.064873
0 0.623683 0.440123 0.0321692 0.0341767
0 0.75873 0.603332 0.0176479 0.0590333
0 0.58301 0.811625 0.0356309 0.0335143
0 0.469113 0.565934 0.0165522 0.0490155
0 0.783256 0.974179 0.01939 0.0488634
0 0.426076 0.253323 0.0308458 0.0488784
0 0.660336 0.44469 0.0173952 0.0603989
0 0.709001 0.185897 0.033899 0.0255306
0 0.738833 0.904883 0.0317756 0.0383047
0 0.480397 0.977349 0.0200012 0.045303
0 0.352967 0.49124 0.0361866 0.0388502
0 0.413611 0.739984 0.0194152 0.0552057
0 0.558789 0.71207 0.0298918 0.0341832
0 0.171764 0.580083 0.0376665 0.0432598
0 0.380332 0.456057 0.0238342 0.0508875
0 0.573374 0.286573 0.0143183 0.0656719
0 0.419677 0.337323 0.0370317 0.0328099
0 0.764721 0.519361 0.0319889 0.0398114
0 0.428342 0.415315 0.0193718 0.0630563
0 0.768366 0.477298 0.01573 0.0530172
0 0.356325 0.943058 0.0314839 0.0482117
0 0.582115 0.406716 0.0360935 0.0475524
0 0.341804 0.149218 0.0343889 0.0396615
0 0.13156 0.103847 0.0318426 0.0418959
0 0.0283238 0.584094 0.0292767 0.0485623
0 0.246759 0.454523 0.0312745 0.0329151
0 0.433985 0.639397 0.0302563 0.0471871
0 0.854169 0.55718 0.0186652 0.053348
0 0.262379 0.405541 0.0319012 0.0392225
0 0.611804 0.338178 0.0209919 0.0589744
0 0.355486 0.323831 0.0286843 0.0542049
0 0.804164 0.459701 0.0239796 0.0493143
0 0.315274 0.68487 0.0163534 0.0537478
0 0.74287 0.303745 0.0233085 0.0451286
0 0.461742 0.438226 0.0285316 0.0332531
0 0.389301 0.0680535 0.0181172 0.0572759
0 0.617161 0.403321 0.0283 0.0418691
0 0.202412 0.780507 0.0308155 0.0430747
0 0.388341 0.553565 0.0229115 0.0722627
0 0.844812 0.50343 0.0345984 0.0308997
0 0.478283 0.844165 0.0162283 0.0633557
0 0.304777 0.54098 0.0278236 0.0474313
0 0.954116 0.0921994 0.0187447 0.059506
0 0.108376 0.452789 0.0293888 0.0454321
0 0.540778 0.862073 0.0207662 0.0657977
0 0.385269 0.701579 0.0342102 0.0404488
0 0.397951 0.219183 0.0215044 0.0585584
0 0.243578 0.257964 0.0304045 0.0618472
0 0.7687 0.405072 0.0297019 0.0312633
0 0.569315 0.889575 0.0363668 0.0353833
0 0.173712 0.877352 0.0162568 0.0580652
0 0.395879 0.641415 0.0187938 0.0541091
0 0.898875 0.557568 0.0179359 0.0596853
0 0.895815 0.453622 0.0350613 0.0413556
0 0.538345 0.38706 0.0261508 0.0277004
0 0.687291 0.301701 0.0319349 0.0373741
0 0.36587 0.903487 0.0339298 0.0367212
0 0.156336 0.504906 0.0367553 0.0335941
0 0.74327 0.950717 0.0189277 0.0565829
0 0.542604 0.268591 0.0257679 0.0504673
0 0.691414 0.366042 0.0204092 0.0567218
0 0.782496 0.254449 0.0311142 0.028083
0 0.233852 0.752831 0.0185841 0.0492561
0 0.450252 0.805899 0.0174517 0.051187
0 0.399492 0.406484 0.0294662 0.0572812
0 0.864429 0.462723 0.0219304 0.0556202
0 0.780348 0.613495 0.0163967 0.0471355
0 0.327256 0.73592 0.0163374 0.0570436
0 0.367064 0.746162 0.0202581 0.0502373
0 0.764181 0.746415 0.0143287 0.0469291
0 0.327857 0.820673 0.0151122 0.0564342
0 0.669382 0.585251 0.0399479 0.03821
0 0.36695 0.213576 0.030837 0.0334284
0 0.464474 0.394354 0.0316308 0.0399035
0 0.858707 0.616029 0.0277704 0.046116
0 0.682589 0.859425 0.0192691 0.051935
0 0.793279 0.152175 0.0191478 0.0581627
0 0.380848 0.756972 0.0245382 0.0460542
0 0.856713 0.953499 0.0256156 0.0366943
0 0.287287 0.271084 0.0335279 0.0311542
0 0.112567 0.704868 0.0176757 0.0535735
0 0.0642554 0.736919 0.0171889 0.0425818
0 0.163042 0.966871 0.0155201 0.0616274
0 0.679159 0.191359 0.0154088 0.0463934
0 0.886821 0.88926 0.0157376 0.0588805
0 0.679977 0.542663 0.0314675 0.0371883
0 0.124856 0.361316 0.0213278 0.0513819
0 0.223255 0.849797 0.0173959 0.0579028
0 0.0919851 0.618276 0.0218889 0.0556689
0 0.761548 0.870327 0.0302352 0.0299349
0 0.515139 0.410076 0.0296008 0.0424994
0 0.582367 0.110056 0.0240324 0.0564799
0 0.0665013 0.684629 0.0223831 0.038279
0 0.522264 0.450658 0.0162163 0.0445567
0 0.1483 0.844178 0.027908 0.0309992
0 0.737627 0.368166 0.0219315 0.0518612
0 0.282266 0.436906 0.0163823 0.0549726
0 0.63133 0.663304 0.0170176 0.055127
0 0.268104 0.54871 0.0332197 0.0355431
0 0.56881 0.953716 0.0364958 0.0631839
0 0.456986 0.310646 0.0271148 0.0538771
0 0.175991 0.466096 0.0200177 0.0567204
0 0.547582 0.455812 0.0325297 0.0314755
0 0.286403 0.729642 0.0284606 0.0538376
0 0.294649 0.818765 0.0291172 0.0318688
0 0.0775839 0.905776 0.0224432 0.0473432
0 0.682962 0.691304 0.0301757 0.0314723
0 0.370742 0.868579 0.033533 0.0262099
0 0.341267 0.300268 0.0178192 0.0675776
0 0.0547209 0.620198 0.0185288 0.0532816
0 0.404618 0.604585 0.0254858 0.0531447
0 0.279778 0.0605028 0.0195164 0.0444943
0 0.775572 0.56693 0.0318652 0.0316792
0 0.643829 0.623978 0.0363415 0.0398742
0 0.747292 0.790577 0.0290373 0.0370833
0 0.30568 0.29792 0.0368312 0.0298369
0 0.824282 0.440624 0.0134848 0.0480635
0 0.727308 0.515365 0.0164559 0.0571977
0 0.70176 0.892105 0.0234074 0.056548
0 0.90524 0.878531 0.0145945 0.0461309
0 0.85807 0.825281 0.0338793 0.0428641
0 0.402012 0.927913 0.0139334 0.0527926
0 0.507308 0.723308 0.0310374 0.0386622
0 0.348144 0.833318 0.0283387 0.0336674
0 0.60384 0.552733 0.0275516 0.0403674
0 0.630205 0.150331 0.0262025 0.0393549
0 0.434436 0.858057 0.0195107 0.0535506
0 0.564292 0.0469504 0.015278 0.0411214
0 0.122474 0.502134 0.0295169 0.0315419
0 0.0541526 0.547486 0.0313332 0.0444264
0 0.779671 0.892914 0.0297014 0.0311919
0 0.257744 0.511263 0.0307331 0.0342595
0 0.740235 0.602665 0.0186533 0.0661713
0 0.505854 0.449036 0.0210639 0.0439384
0 0.333274 0.383873 0.0204697 0.0544246
0 0.443725 0.882683 0.0200822 0.0606703
0 0.358117 0.372585 0.0242085 0.0475339
0 0.791644 0.715368 0.0234717 0.0607871
0 0.821834 0.395454 0.035186 0.0277554
0 0.443091 0.551776 0.0338311 0.0351529
0 0.89243 0.93361 0.0184126 0.0542547
0 0.0137545 0.761033 0.0261719 0.0249877
0 0.655988 0.325982 0.0255445 0.0379633
0 0.705964 0.640119 0.0340382 0.0315869
0 0.7946 0.367396 0.0173975 0.0564513
0 0.704143 0.541235 0.0286318 0.034902
0 0.594125 0.693368 0.0270509 0.0379267
0 0.127852 0.769928 0.0270318 0.0554977
0 0.787212 0.489428 0.0218389 0.0491778
0 0.876068 0.537737 0.0247571 0.0477998
0 0.735451 0.708515 0.0142422 0.0517546
0 0.404852 0.776051 0.0307829 0.028613
0 0.671901 0.740636 0.0209398 0.0487317
0 0.802685 0.958801 0.0202199 0.0465647
0 0.4439 0.700796 0.0288185 0.0432191
0 0.649609 0.200488 0.0339379 0.0399209
0 0.469676 0.204247 0.0362348 0.0293578
0 0.715408 0.141652 0.0233686 0.0491951
0 0.353518 0.982287 0.031411 0.0310883
0 0.287846 0.859736 0.0296348 0.0330322
0 0.0713331 0.796041 0.0186995 0.0407344
0 0.320048 0.33855 0.0176936 0.0560237
0 0.0552608 0.735835 0.0113194 0.0469302
0 0.712165 0.68019 0.0320334 0.0332
0 0.384366 0.816064 0.0328432 0.0369948
0 0.244568 0.332439 0.0242353 0.0685967
0 0.157377 0.75822 0.0257777 0.0393013
0 0.601459 0.844221 0.027676 0.0333338
0 0.266782 0.476163 0.0298359 0.0291719
0 0.375949 0.38632 0.0237745 0.0589388
0 0.57843 0.342125 0.0352718 0.0358675
0 0.0793293 0.522529 0.028912 0.0395991
0 0.77553 0.566125 0.0317666 0.0314283
0 0.440386 0.522707 0.0347603 0.0515493
